1000 9894
160 950
124 511
897 343
738 958
5 178
320 652
691 943
90 42
401 461
437 263
510 839
829 517
794 888
369 203
360 812
983 284
398 402
206 744
593 450
441 685
53 376
569 385
899 632
41 256
208 767
854 276
528 798
985 473
821 835
418 431
117 678
597 236
999 520
365 884
48 807
588 929
330 945
649 803
579 574
880 495
917 870
938 707
425 812
620 481
334 635
961 787
831 986
736 541
588 534
195 291
957 327
374 763
676 177
873 234
25 481
153 212
279 428
748 355
732 888
225 250
353 813
887 808
279 414
675 456
514 86
719 202
534 29
35 199
135 194
876 590
73 271
685 112
444 674
113 603
936 538
43 304
422 19
462 266
135 480
543 487
67 438
655 729
819 839
638 286
517 728
441 13
401 655
204 101
475 826
332 865
828 894
544 985
906 208
764 892
836 273
91 202
590 288
940 503
190 146
925 69
587 618
311 938
316 604
997 371
894 965
878 462
919 536
8 484
29 338
88 658
852 344
663 334
403 645
520 552
299 564
468 869
436 368
880 301
971 70
153 715
830 143
281 244
100 936
179 27
622 984
2 480
725 172
540 96
818 894
394 930
381 886
326 41
413 975
648 385
723 967
390 778
869 845
811 737
217 494
623 818
829 207
926 745
597 851
671 572
352 306
387 341
656 154
838 182
110 873
366 727
999 726
296 793
101 554
528 484
784 126
628 285
535 227
439 142
387 627
944 372
482 687
140 873
234 92
418 903
363 368
186 155
11 477
48 136
301 826
582 341
883 246
721 759
938 424
741 764
863 39
855 356
402 546
718 36
100 347
137 727
618 408
626 959
132 606
613 131
635 695
157 189
360 55
124 432
896 51
471 349
494 38
613 449
174 699
967 541
273 561
574 641
9 207
318 551
670 307
57 219
95 887
919 720
338 1000
963 795
359 898
128 138
51 1000
545 276
937 500
78 754
545 239
319 716
352 638
330 791
611 378
369 891
781 396
679 428
305 556
910 195
176 904
628 782
957 60
830 826
959 658
824 247
545 954
451 855
876 44
992 593
899 255
796 249
829 98
408 642
228 816
602 556
205 106
335 414
746 595
54 187
684 925
560 659
779 627
641 630
126 128
112 510
165 588
573 351
407 515
266 917
358 119
620 862
76 828
292 833
576 476
704 257
997 644
444 516
706 851
219 780
550 960
154 913
798 478
46 675
106 502
162 420
384 150
85 796
266 70
318 257
250 937
767 588
935 688
186 401
206 980
155 834
525 608
301 589
167 923
63 938
284 661
394 373
83 313
344 806
293 577
848 504
295 55
190 219
871 704
30 288
8 558
933 689
475 659
872 29
838 886
713 568
593 485
591 886
194 169
161 273
345 44
272 946
352 848
26 657
464 501
564 145
956 715
902 545
961 123
598 112
879 97
558 842
201 574
878 736
23 365
69 188
981 217
982 642
252 939
57 691
387 126
389 660
943 29
433 492
808 36
938 639
45 663
227 716
144 232
897 558
546 783
247 646
766 690
503 824
490 393
334 304
974 607
900 582
225 108
26 119
948 842
883 483
885 177
585 173
569 816
841 59
988 190
554 360
612 882
193 1000
432 96
400 718
276 465
663 711
166 744
253 9
935 711
388 666
178 257
216 897
626 628
608 215
368 844
775 175
484 178
531 571
323 747
660 157
733 545
627 34
663 794
522 154
302 930
765 496
158 198
660 12
665 690
833 592
636 387
432 571
218 228
443 175
772 725
397 664
463 288
592 104
269 524
522 847
796 354
912 879
514 943
364 860
420 606
406 537
915 261
938 728
633 590
795 811
613 736
378 51
622 790
611 3
613 625
256 740
304 733
585 700
912 412
605 545
218 715
572 430
773 641
481 427
482 836
669 592
126 623
593 798
297 361
46 172
286 767
72 551
434 946
823 396
735 832
888 713
512 879
196 648
236 761
554 530
386 160
226 419
136 903
378 177
874 375
875 978
782 514
785 494
967 143
917 281
476 63
442 251
478 725
797 819
665 790
432 445
491 602
737 134
439 218
427 754
690 308
625 161
582 366
107 650
453 426
230 387
884 66
94 529
408 954
955 872
215 224
732 14
492 811
557 181
964 870
872 665
924 630
599 862
979 815
94 898
191 589
431 937
751 240
837 999
829 951
260 342
321 320
31 711
843 711
94 591
366 432
459 254
11 116
303 321
712 510
398 111
935 188
80 376
338 916
155 374
707 293
48 998
492 141
747 629
276 766
997 959
104 413
201 613
668 63
102 797
340 152
322 511
450 552
131 159
300 766
961 166
784 691
493 587
855 696
970 130
18 887
10 935
62 628
502 198
467 132
361 905
895 204
292 505
170 989
463 112
987 930
503 883
969 475
612 730
903 600
207 127
292 223
666 460
580 522
926 538
451 438
213 699
822 731
54 881
516 590
455 786
82 134
118 584
776 333
819 74
606 717
371 156
809 93
262 966
417 324
411 72
755 770
996 568
309 335
560 131
65 763
836 80
820 637
517 571
442 571
87 937
423 72
975 559
428 482
765 455
416 506
822 182
950 379
328 726
517 588
703 913
63 54
871 735
967 540
345 503
256 258
739 407
437 399
761 878
506 339
755 412
848 202
533 681
912 695
674 970
933 855
311 687
882 809
591 947
540 935
709 808
549 201
198 182
145 58
734 260
506 674
259 462
118 121
17 629
986 541
678 255
240 983
166 419
235 76
53 883
762 183
987 838
36 26
512 855
909 235
287 171
736 437
185 689
24 625
810 880
98 702
344 738
474 593
145 535
366 611
614 261
139 304
261 807
824 839
606 681
954 214
457 918
573 544
650 719
245 607
497 768
653 456
547 93
976 529
224 854
867 940
7 79
210 345
820 674
488 843
675 225
289 814
841 713
536 281
40 673
560 175
744 412
427 984
390 236
655 528
252 147
287 636
950 468
347 129
702 533
594 386
6 28
858 319
402 809
518 123
594 277
958 882
831 192
924 934
964 423
765 497
859 155
74 881
118 516
885 931
341 197
68 515
52 136
808 806
39 386
936 800
997 394
475 468
661 611
739 863
596 672
342 832
74 674
574 111
193 16
602 380
344 100
377 476
765 881
344 19
643 291
409 473
248 623
162 803
70 984
307 310
165 956
64 1
67 866
672 320
714 199
552 246
645 627
204 741
745 747
482 899
411 389
744 829
549 151
900 583
685 471
61 477
231 909
767 47
201 202
88 769
219 173
519 592
116 499
31 483
448 573
520 457
666 183
945 84
174 390
768 715
418 972
133 567
903 215
944 396
764 517
121 637
283 794
860 16
291 311
992 408
8 831
944 27
798 330
621 797
358 717
589 383
517 738
696 477
759 947
464 176
603 431
328 671
845 166
333 402
650 84
707 157
817 461
488 69
751 76
638 66
95 680
100 114
743 753
907 732
450 1
273 760
347 395
668 391
150 938
462 1000
446 45
272 609
809 623
901 7
282 745
798 657
626 392
298 383
523 618
855 945
749 78
821 833
550 129
353 389
816 110
175 68
782 84
24 39
784 584
753 885
313 820
634 208
762 13
231 322
141 86
314 634
499 570
908 824
340 458
32 523
540 186
2 175
232 814
304 395
35 269
944 237
477 224
84 238
792 881
45 924
83 25
174 192
732 890
791 307
582 220
112 662
612 791
975 391
888 23
486 336
538 961
206 115
462 409
135 77
392 410
694 196
287 790
703 670
923 822
618 418
177 680
231 629
659 540
203 680
812 6
560 119
180 360
336 102
730 826
957 955
787 305
471 296
664 420
946 882
730 941
75 336
402 896
761 849
907 359
392 182
181 866
566 462
364 818
165 431
256 581
593 300
47 847
363 811
489 827
454 967
259 311
521 40
304 924
284 130
967 127
36 547
777 263
597 142
714 938
38 480
903 804
875 373
819 275
682 287
352 726
155 551
585 552
813 584
102 401
265 806
491 834
267 315
667 864
614 572
870 906
357 557
486 18
537 344
614 286
157 631
672 965
197 854
187 192
906 702
101 266
768 691
440 548
595 172
723 355
390 118
937 338
474 271
147 415
815 980
82 312
622 454
824 633
8 582
963 110
38 614
630 972
405 573
320 839
997 179
67 178
711 645
760 553
815 667
779 286
821 118
7 593
950 666
95 881
251 31
399 423
54 147
762 641
204 966
694 526
21 848
618 892
164 412
825 446
405 860
723 647
904 43
762 666
796 73
303 43
236 126
2 450
365 414
937 37
153 598
830 824
248 596
691 466
912 485
895 786
2 373
519 824
791 951
302 224
766 517
829 209
528 292
122 343
197 391
59 362
595 268
244 166
118 651
301 489
943 974
927 309
106 835
100 975
162 593
618 230
318 884
466 59
713 74
16 246
490 181
92 385
521 927
809 782
889 777
709 30
547 207
505 528
65 43
641 278
477 458
922 361
585 401
551 700
955 227
258 625
578 890
336 369
962 733
656 324
381 159
646 803
851 419
689 268
324 353
309 467
59 756
241 604
711 147
372 629
1000 182
146 656
826 350
241 278
168 924
6 428
959 30
446 167
418 76
406 785
831 80
872 31
599 212
102 744
431 326
712 424
489 977
722 513
119 115
891 154
812 124
682 746
830 107
173 796
709 890
227 270
692 72
910 387
19 286
635 14
139 997
857 56
842 666
192 937
895 929
808 355
661 949
818 880
855 281
959 688
430 454
969 688
735 985
496 334
424 251
615 695
620 15
889 90
266 597
636 737
801 796
552 134
71 598
610 388
701 827
61 476
524 980
363 990
728 839
909 782
79 232
745 516
498 10
847 694
453 291
976 720
719 56
956 478
150 269
633 191
211 273
453 436
36 364
148 294
793 47
759 876
6 844
903 214
659 541
728 532
512 705
399 407
220 368
662 283
668 988
130 484
785 844
119 531
558 40
660 159
310 784
183 727
719 636
835 83
12 682
347 285
185 106
757 254
960 800
850 652
802 491
15 490
678 670
570 895
829 514
13 757
824 254
62 2
797 424
678 971
790 753
826 694
518 672
84 949
563 313
602 337
981 417
298 955
832 470
464 938
35 577
326 448
681 215
240 897
368 214
558 623
816 234
639 160
100 8
715 257
753 598
735 834
760 406
210 843
157 880
866 803
141 311
669 110
563 866
857 577
72 775
913 695
419 58
629 237
595 437
279 309
562 150
896 494
462 111
923 463
486 337
822 287
915 683
145 879
755 808
827 119
385 152
785 671
347 42
700 772
926 504
565 600
585 314
156 670
905 915
955 920
315 569
834 587
561 769
45 496
822 168
146 585
954 848
719 592
243 267
775 290
9 327
266 382
285 50
109 334
648 860
332 243
66 116
868 909
308 460
473 387
366 438
340 765
856 636
753 212
392 6
856 747
602 19
731 701
123 32
660 759
520 258
902 604
247 151
982 494
18 83
238 590
97 586
852 974
485 927
821 981
221 745
810 326
779 797
293 454
265 587
511 948
820 275
322 671
144 163
74 44
700 589
47 371
710 209
709 782
499 646
407 651
514 279
770 141
55 181
628 745
225 170
620 561
262 497
245 295
432 460
187 921
917 315
519 667
352 19
872 842
410 447
214 649
840 296
861 494
310 412
41 761
940 771
922 274
488 962
774 382
704 454
499 194
446 746
48 26
413 782
417 203
586 487
555 621
722 214
360 615
444 974
600 646
834 687
587 813
368 997
332 128
243 487
445 639
447 209
678 599
129 522
817 214
167 214
333 298
336 210
484 938
485 511
347 653
894 917
756 606
192 561
395 312
670 266
142 931
125 569
825 227
487 918
555 70
669 978
356 499
907 965
308 657
414 727
327 195
174 789
209 800
910 198
592 495
576 996
62 391
288 448
143 578
567 504
672 294
785 249
624 47
992 700
23 153
905 672
72 609
878 775
170 846
983 652
306 318
549 322
220 216
662 723
488 48
560 613
581 177
537 315
480 484
851 215
779 338
393 531
310 120
637 363
538 398
895 218
515 509
426 508
403 787
543 43
195 185
271 756
592 722
220 691
186 271
372 630
467 966
233 808
733 587
972 773
591 605
570 856
989 786
904 396
977 810
850 568
47 544
256 917
706 155
707 366
553 628
436 152
847 894
763 71
460 83
511 167
381 804
195 373
882 843
97 513
61 934
195 928
326 330
739 63
43 628
183 69
874 858
467 352
965 545
624 877
888 978
724 312
781 143
880 86
933 468
701 88
811 47
933 682
823 421
366 157
164 230
554 938
922 918
71 593
724 141
27 727
157 796
339 233
140 974
785 263
914 677
25 697
758 932
743 48
325 343
92 102
607 577
595 9
724 867
375 753
15 896
876 614
439 864
243 99
704 415
615 203
85 844
28 985
307 803
215 762
684 448
650 368
779 92
29 661
581 856
214 403
850 875
283 590
731 148
569 753
16 671
102 153
371 741
7 851
532 192
470 235
290 325
272 952
536 21
77 907
316 709
246 514
674 191
640 499
864 529
298 91
426 20
155 766
1000 433
673 125
195 721
327 406
159 842
588 360
38 137
949 667
105 764
380 418
540 890
597 263
815 432
302 605
397 375
311 657
458 359
837 515
799 876
179 3
677 256
4 190
653 791
691 412
250 116
147 590
524 516
737 148
249 180
175 164
857 821
477 635
398 637
757 788
328 436
704 63
558 846
26 39
178 426
162 551
975 99
546 641
486 116
260 236
129 327
336 909
867 699
706 871
945 229
548 70
417 460
699 466
963 413
81 991
297 810
546 431
963 457
176 949
322 421
903 207
765 911
655 692
585 424
717 347
452 643
276 103
478 901
160 520
345 572
627 146
440 360
681 878
423 714
3 886
704 665
85 578
488 20
879 40
113 697
792 108
522 189
396 40
233 736
655 645
15 344
109 333
570 680
523 349
378 414
416 191
106 443
398 451
691 572
855 881
623 277
436 161
592 87
111 481
50 753
105 728
695 793
665 862
761 689
805 409
302 633
325 568
160 738
80 409
535 736
448 413
411 3
568 510
400 272
628 8
601 122
655 349
635 279
619 874
106 587
567 714
550 284
737 763
554 979
974 760
222 893
300 543
908 222
892 813
396 10
608 520
244 844
858 960
16 125
951 329
996 919
224 240
645 730
651 405
889 130
121 360
386 306
832 669
512 539
196 28
788 696
901 999
258 619
8 874
637 311
961 804
366 791
337 115
335 536
622 452
536 431
2 535
744 306
281 535
54 291
637 870
648 696
686 676
66 373
254 682
4 675
276 968
617 358
397 588
851 759
846 985
796 310
299 374
909 377
798 860
531 963
569 116
772 319
97 651
665 905
869 681
82 781
433 649
489 789
53 444
325 123
836 711
576 711
313 551
423 542
9 830
467 470
29 419
947 928
674 568
218 973
506 660
922 622
460 481
866 5
231 422
993 449
112 54
525 7
813 904
691 468
250 172
705 501
44 730
960 499
634 22
250 287
434 998
911 584
199 682
662 838
649 601
231 21
126 309
861 190
701 789
280 623
61 438
196 254
895 451
110 777
476 115
206 284
172 340
196 338
592 923
917 350
976 758
224 11
187 113
903 351
872 935
484 469
68 148
713 217
917 463
888 81
279 694
67 340
245 239
345 858
578 888
941 458
233 552
565 622
505 880
132 687
388 561
794 732
651 125
284 461
929 371
640 202
538 729
958 998
523 135
228 135
376 626
565 768
488 108
752 777
898 673
958 881
100 89
856 791
731 425
879 209
57 138
591 717
760 583
190 174
375 118
752 578
454 611
441 660
406 902
100 191
708 574
916 675
942 935
464 674
215 391
303 235
605 823
402 232
683 889
497 302
378 27
674 604
921 793
134 834
799 792
710 493
765 782
490 576
517 259
969 694
435 366
535 355
211 215
899 108
938 522
248 336
709 333
529 223
433 194
788 828
292 131
349 430
555 676
207 48
861 323
11 749
374 515
857 619
185 722
562 240
728 760
214 839
552 422
71 886
875 720
634 750
315 836
230 221
620 973
694 332
812 255
78 52
176 25
504 374
551 674
914 983
292 583
558 350
390 60
693 445
141 806
108 388
537 161
498 511
741 385
64 797
48 434
328 879
807 282
555 453
957 810
90 50
512 400
580 187
914 172
337 869
377 976
926 207
775 478
961 443
731 939
958 79
834 41
191 651
708 530
704 530
627 610
1000 336
708 673
378 204
89 23
19 316
169 239
585 727
657 834
285 513
749 476
786 102
456 925
703 769
706 305
250 117
730 443
605 573
754 517
731 799
625 304
308 964
990 248
991 321
511 117
282 219
728 7
912 190
254 311
681 503
374 498
61 397
814 181
376 417
578 986
892 889
306 372
184 808
245 321
63 757
926 589
174 310
214 867
664 636
438 123
663 374
701 575
6 821
874 21
603 625
819 940
219 840
281 349
907 49
362 848
54 58
832 592
372 393
820 613
162 91
54 213
242 909
134 29
798 52
198 992
327 516
539 932
918 291
753 488
564 384
265 397
674 819
730 572
941 871
749 158
252 666
843 985
866 410
425 192
691 733
989 10
142 231
881 255
41 496
683 833
23 288
578 185
853 113
529 347
378 83
71 212
390 892
528 541
766 925
288 422
911 710
386 975
919 219
787 373
120 629
17 169
2 287
258 181
334 600
814 358
508 859
913 887
808 91
663 71
222 781
260 746
653 109
912 41
400 989
865 15
627 345
390 696
12 202
430 841
568 938
897 820
715 525
440 969
975 503
789 383
519 298
909 566
197 996
702 771
975 277
387 788
300 499
882 447
202 797
372 63
116 891
138 101
845 154
501 868
533 461
185 55
721 37
404 279
924 606
266 272
210 542
368 630
498 233
389 86
707 487
835 186
530 596
237 29
420 700
609 793
100 132
891 243
471 559
631 205
670 411
207 709
164 520
4 81
26 553
526 250
303 71
288 228
291 647
947 141
995 111
968 910
49 969
783 382
520 30
114 925
813 903
800 254
640 919
53 718
244 899
670 508
134 897
636 617
433 340
161 805
192 157
600 10
193 628
13 417
398 677
273 954
966 472
948 883
76 938
183 966
171 902
120 990
287 36
344 742
397 355
310 463
629 163
31 35
219 771
789 147
284 861
504 347
948 136
280 50
380 758
716 888
680 446
441 366
977 364
48 56
341 653
253 465
516 979
850 901
745 105
708 123
765 118
968 200
254 997
789 998
441 72
445 528
891 939
173 727
10 661
967 22
928 858
721 146
171 241
742 616
730 96
927 718
753 257
555 23
616 7
228 373
531 990
808 697
221 924
97 662
161 645
848 825
799 906
599 420
910 49
325 887
435 83
146 226
518 586
830 840
317 139
744 649
670 657
930 802
771 378
481 386
190 634
709 554
782 926
549 945
878 967
387 498
830 938
301 296
473 599
628 525
184 670
59 282
957 317
136 513
853 764
925 799
505 358
785 372
3 307
386 217
114 979
600 149
158 621
833 745
839 590
723 81
616 927
858 808
272 367
400 692
21 172
6 944
267 36
417 407
387 991
63 950
263 176
505 930
346 358
348 312
629 985
484 100
45 376
674 360
694 111
590 44
521 747
889 501
864 981
194 965
233 889
968 228
197 734
113 659
350 704
721 988
832 697
983 52
803 690
588 388
995 410
868 916
963 483
686 733
94 596
280 452
581 600
17 759
697 117
181 780
990 530
850 693
190 986
433 839
282 19
173 893
464 655
709 859
950 263
251 329
568 117
715 198
501 257
182 868
368 122
39 529
776 209
960 286
215 426
1000 527
584 593
878 773
496 286
39 998
390 800
609 299
430 481
72 733
568 706
735 830
710 232
468 259
112 349
64 400
641 534
948 644
308 795
607 385
993 21
889 228
483 372
32 749
503 46
126 221
788 576
92 469
900 950
999 424
875 870
76 833
628 438
132 947
650 560
813 36
327 848
509 45
367 435
613 439
816 231
525 705
837 319
305 358
597 681
698 151
203 735
572 700
371 933
318 764
712 39
486 438
162 88
346 237
882 491
295 148
113 75
267 959
113 703
423 48
271 972
132 390
425 404
940 493
229 882
433 897
510 869
721 218
703 94
62 82
544 701
981 856
29 187
30 652
52 76
290 585
220 778
868 238
62 61
843 984
256 712
207 657
725 468
598 66
91 652
809 873
494 571
478 92
834 300
710 411
252 633
268 281
450 596
911 705
805 78
172 449
681 535
732 645
861 807
554 977
59 469
965 793
676 332
933 379
330 256
633 937
540 435
837 223
909 194
783 729
418 703
575 626
420 273
224 242
776 521
743 229
728 770
12 203
875 949
624 371
992 247
705 86
410 442
487 696
20 701
537 461
573 535
610 642
461 989
614 237
873 293
90 569
310 2
98 953
949 605
237 583
440 663
152 11
209 46
120 383
102 819
198 946
239 126
977 679
296 201
996 283
584 413
254 601
57 3
310 991
703 924
531 743
509 629
916 427
935 121
856 940
657 717
640 445
845 332
167 160
65 826
485 589
658 305
489 906
5 406
40 829
635 137
446 376
485 734
269 481
677 484
39 763
192 722
636 789
965 536
327 188
443 579
934 232
544 22
84 343
430 319
929 620
846 243
198 171
662 634
274 347
482 150
299 820
417 989
415 702
754 586
900 330
294 745
153 971
120 658
778 810
856 6
624 939
473 634
593 857
170 954
45 830
892 819
567 601
809 948
965 718
166 646
407 680
230 469
232 761
28 722
970 871
940 185
872 937
384 905
533 812
757 812
194 823
408 243
245 602
391 922
127 538
901 985
868 524
461 82
836 34
656 696
567 434
401 815
918 600
539 76
409 632
822 228
769 488
739 646
918 715
78 276
464 88
357 697
773 305
831 714
501 744
964 428
930 268
984 429
954 646
204 489
207 954
243 629
206 619
817 646
641 924
964 563
835 294
854 6
714 701
821 199
808 698
751 890
150 735
386 624
857 644
389 875
728 497
212 706
765 554
805 339
643 520
67 777
792 610
423 572
892 403
421 43
79 515
192 941
448 455
605 727
933 64
956 807
574 370
944 871
467 210
50 406
396 238
443 999
31 841
717 213
624 78
994 954
553 70
934 965
849 815
739 367
120 797
102 349
874 394
922 53
112 385
387 659
740 771
177 251
931 814
222 956
337 509
969 240
788 540
646 598
187 159
779 371
46 342
286 321
487 493
332 519
189 906
150 496
188 547
724 989
484 346
79 56
111 933
748 348
664 270
966 897
332 997
871 44
461 199
669 418
337 953
854 614
794 107
507 265
474 114
699 887
719 632
371 742
553 810
406 838
760 758
464 467
510 179
364 692
591 675
262 693
835 373
104 137
782 396
363 628
713 785
165 438
458 384
630 554
260 414
337 517
921 985
407 334
383 701
429 658
929 714
477 562
473 246
184 383
403 735
278 473
356 517
456 927
476 578
365 167
730 217
117 336
333 819
563 170
505 182
559 670
41 180
683 517
207 323
264 405
193 273
840 884
433 258
867 369
742 401
942 381
288 634
934 993
226 458
482 928
780 511
554 540
258 497
300 852
695 7
269 719
338 50
419 143
132 956
889 965
712 842
917 5
149 107
614 81
707 945
341 723
747 432
659 690
806 775
347 46
789 59
3 746
373 861
980 714
819 844
921 821
312 438
77 74
370 212
447 332
543 381
690 995
881 135
147 356
864 978
494 13
726 456
894 530
55 932
424 974
904 504
751 274
119 273
621 687
784 523
351 815
950 691
792 269
481 924
961 362
554 267
403 285
497 394
868 239
100 881
219 216
915 438
735 345
238 995
924 56
193 34
467 575
930 649
326 262
808 513
274 485
752 180
813 784
812 869
887 419
946 278
88 951
677 289
688 65
135 693
216 27
514 606
145 481
420 173
209 979
117 421
616 540
302 201
509 808
292 487
546 990
857 647
141 198
804 725
291 809
588 561
537 513
900 629
546 817
50 128
25 454
762 383
323 745
291 7
438 170
934 751
558 75
528 106
432 95
16 798
163 193
76 870
718 269
421 793
483 892
599 538
232 444
999 348
712 870
702 649
718 188
779 8
980 639
668 751
823 963
37 986
183 754
152 12
484 225
546 356
152 443
816 994
376 601
195 511
72 370
200 391
720 334
646 90
704 791
372 653
856 830
967 538
768 244
206 524
730 906
358 891
388 889
218 166
502 790
708 965
123 111
51 506
859 339
398 77
80 346
345 74
808 622
810 4
866 303
904 976
438 731
666 630
545 947
88 691
32 899
809 102
5 617
317 839
416 632
455 569
888 664
67 797
122 336
17 591
799 357
340 382
396 440
580 596
376 74
275 115
832 845
814 973
764 648
709 25
802 721
589 627
331 947
656 881
971 959
358 731
505 885
148 109
149 276
635 763
266 464
642 919
521 606
55 619
100 501
925 228
319 865
746 323
216 714
253 305
327 718
807 192
926 214
837 953
4 642
886 714
43 940
835 152
934 348
50 918
262 601
377 539
549 635
75 492
205 740
299 740
503 348
327 18
485 450
563 288
263 982
86 351
364 21
717 535
847 920
850 180
142 332
274 700
97 999
739 432
830 985
446 966
35 569
17 230
515 867
628 920
365 526
629 866
332 294
926 811
819 409
692 905
452 662
880 217
444 338
429 130
467 51
1 411
991 524
247 149
746 705
931 977
839 584
456 399
220 184
704 245
742 420
852 309
233 291
675 468
453 302
510 209
611 646
188 589
174 392
880 613
519 364
686 295
695 175
876 666
867 974
85 825
321 812
290 127
91 748
38 705
555 425
591 287
349 896
802 2
396 887
21 366
349 817
583 940
802 117
604 777
460 543
845 49
459 378
831 226
949 924
215 793
256 448
683 43
761 959
333 750
116 706
153 974
281 819
195 725
52 106
825 174
934 376
368 271
960 963
762 595
392 111
138 639
70 626
87 432
335 546
701 436
422 191
80 290
786 210
491 344
454 876
535 589
166 176
424 303
813 811
333 929
579 921
28 177
636 862
810 367
616 402
964 980
14 375
50 469
571 886
679 579
303 901
960 399
310 868
856 80
639 335
41 196
799 691
499 512
995 647
273 178
843 919
365 643
41 853
528 353
533 528
550 726
129 298
188 883
409 74
568 913
115 853
24 687
97 463
230 109
859 639
605 111
991 774
771 562
152 130
401 869
509 924
277 608
186 481
849 359
868 709
261 497
423 93
584 99
519 135
315 941
377 768
722 264
753 493
660 47
177 610
854 365
548 740
365 112
755 280
95 795
649 395
523 430
962 194
854 476
90 441
419 953
973 450
318 137
691 689
393 342
431 490
532 455
772 470
187 862
62 178
669 890
860 971
278 506
80 413
852 971
580 670
619 576
909 316
987 849
967 10
625 247
199 924
771 295
221 740
994 420
98 81
207 433
829 86
796 769
501 5
14 706
93 347
738 16
277 404
667 20
540 286
796 944
343 919
239 742
115 556
520 978
850 457
795 328
524 778
466 446
249 950
452 893
28 712
845 595
883 416
443 195
615 41
248 105
780 194
413 999
768 538
873 299
158 837
290 197
578 378
2 753
902 324
98 870
871 865
97 185
361 232
626 548
399 458
59 881
580 53
826 213
383 808
849 220
355 663
378 634
546 212
195 510
743 5
699 958
385 522
405 583
321 436
229 533
391 628
431 571
60 526
199 431
167 704
220 970
223 293
631 424
171 150
725 547
17 556
74 983
57 227
549 476
795 605
29 157
89 178
477 555
919 564
77 689
117 580
743 997
869 725
321 71
394 669
652 62
222 257
99 86
835 618
639 592
550 896
346 549
717 626
518 621
633 527
26 423
27 130
112 668
71 181
199 896
917 821
627 893
949 370
478 201
631 925
212 509
401 725
44 241
684 887
518 911
957 421
799 582
781 247
148 724
439 343
574 438
528 282
804 447
457 44
849 850
408 424
461 4
984 283
589 784
735 534
371 291
408 471
335 132
233 326
894 141
550 617
115 806
651 258
444 540
710 867
612 267
508 463
128 837
645 988
405 167
101 296
306 748
510 404
883 218
59 812
275 610
820 430
889 621
621 818
34 226
254 921
298 703
914 87
360 396
693 470
713 392
973 70
536 541
930 155
989 764
593 51
122 765
953 91
403 118
561 558
433 975
986 21
846 53
539 293
43 828
706 148
635 806
820 156
342 232
548 899
570 583
437 716
186 844
347 942
234 344
939 407
388 407
964 866
164 446
994 509
687 962
84 373
761 335
815 110
672 488
710 368
848 232
365 525
466 356
283 294
69 281
770 812
364 331
331 211
331 530
278 127
884 287
887 569
391 308
374 660
552 140
75 521
62 785
157 791
468 456
931 976
714 416
127 885
296 729
478 737
715 982
827 240
920 398
3 466
704 357
690 264
879 716
770 400
555 650
385 182
909 635
569 538
148 147
367 9
423 299
558 354
6 803
731 219
570 436
148 2
404 500
9 476
342 328
788 2
589 201
920 74
850 759
246 916
375 816
598 723
632 451
599 1
121 990
15 496
648 963
42 446
678 739
381 737
312 984
241 22
482 280
320 419
70 627
713 992
517 48
739 864
516 305
20 190
506 5
906 826
350 146
244 689
597 243
636 863
840 712
146 197
522 568
778 910
174 783
911 750
184 607
151 37
524 513
874 714
69 364
58 927
165 857
259 156
282 39
671 579
13 405
350 935
491 167
59 315
956 43
577 314
995 535
300 967
628 659
477 249
116 431
995 612
317 592
28 741
789 502
404 852
520 533
443 166
76 952
612 798
442 114
371 136
802 978
769 155
788 673
812 223
229 443
954 120
238 188
430 749
897 232
750 13
637 633
611 524
309 547
85 589
15 310
453 837
475 821
216 437
439 662
119 977
579 427
768 234
271 969
788 229
522 9
212 951
621 685
220 918
229 960
15 69
454 943
406 578
483 77
583 646
217 57
56 505
138 240
351 66
762 743
448 355
416 769
256 890
477 744
960 718
624 859
203 344
864 405
335 367
639 413
51 92
166 93
84 401
865 432
717 687
377 14
714 183
491 242
74 86
558 409
974 765
791 25
153 925
904 739
889 427
766 611
468 290
736 562
255 640
614 567
67 944
124 807
406 705
220 459
504 101
103 135
139 966
792 614
637 720
396 756
415 168
222 674
685 58
50 621
528 251
676 771
145 845
278 611
102 935
929 505
837 272
489 418
716 935
189 801
120 386
674 431
751 175
457 685
172 832
923 920
393 949
587 803
200 393
369 310
922 393
484 961
819 639
694 884
53 116
939 127
617 361
322 23
237 136
481 958
781 673
820 185
507 142
865 784
207 705
651 609
97 767
355 163
194 383
678 21
990 779
173 723
925 546
984 160
397 11
40 792
539 238
340 872
503 521
572 366
496 345
795 9
197 511
537 626
610 8
573 116
166 554
630 79
777 496
706 535
945 501
891 529
107 14
469 747
418 623
37 471
865 190
244 173
559 438
980 217
40 340
44 388
126 633
984 570
269 614
864 80
757 267
885 454
63 926
193 948
893 987
609 268
903 120
589 339
58 237
276 36
724 666
587 894
898 523
350 744
367 202
746 321
358 571
219 509
293 584
518 115
828 831
69 263
461 258
851 646
229 806
877 890
215 887
588 499
514 436
310 553
761 929
560 276
65 874
582 901
270 203
823 724
899 761
275 179
133 177
462 775
502 880
160 241
617 194
164 729
237 509
683 239
725 280
485 767
390 610
880 287
41 419
169 246
444 365
800 48
253 544
195 934
469 331
36 610
471 813
22 184
389 522
639 452
840 570
120 578
849 915
350 352
558 965
173 473
46 153
670 951
178 708
474 142
405 262
301 437
895 29
849 700
631 567
465 692
743 217
619 87
693 964
50 838
275 780
345 927
948 962
71 877
548 775
393 561
780 139
528 180
893 782
931 49
932 350
76 680
202 639
613 415
44 142
266 144
111 409
50 571
608 113
76 575
239 221
497 982
600 383
25 847
972 982
121 758
730 524
396 994
238 287
849 138
632 230
389 359
237 925
424 838
427 77
48 262
656 581
271 226
509 585
256 339
646 32
406 837
43 125
595 568
467 857
963 956
967 816
562 234
595 681
543 585
322 95
216 454
432 643
398 408
310 459
125 763
41 270
151 977
208 745
563 401
398 186
249 348
1000 740
579 824
929 696
36 646
753 924
536 582
653 785
303 1000
584 882
35 582
553 389
43 701
956 966
334 982
541 636
155 161
212 54
585 564
895 211
790 325
828 136
634 75
288 637
878 854
520 824
376 422
448 883
875 60
931 960
605 331
275 770
365 786
975 105
633 2
432 295
171 672
274 866
486 249
149 7
611 676
432 5
453 401
358 342
993 868
595 152
968 65
907 52
730 625
626 574
148 176
836 243
102 779
916 189
310 836
354 716
727 141
695 339
111 152
258 850
816 840
525 816
986 424
971 564
316 743
160 859
307 924
422 511
119 131
764 84
506 324
964 114
843 847
838 705
994 721
915 443
682 82
920 611
586 150
201 668
748 983
714 579
108 438
256 891
522 586
984 821
321 923
505 230
982 336
397 486
734 273
865 582
645 256
922 647
399 268
913 72
967 405
196 459
297 291
584 874
624 58
69 208
953 965
53 919
511 335
353 101
577 694
101 592
546 703
528 478
233 360
840 448
309 515
241 853
261 672
79 169
318 979
743 118
752 988
283 956
15 849
628 406
892 88
477 271
410 553
943 641
452 172
518 863
145 844
560 813
63 970
923 893
319 348
565 532
505 862
34 220
54 27
258 532
725 862
559 838
125 142
966 972
309 455
57 406
899 22
105 354
768 88
113 863
4 538
902 247
190 293
925 142
484 962
103 441
551 212
110 124
167 207
960 879
704 921
815 675
483 138
800 728
494 195
164 855
806 482
414 911
973 275
942 802
119 103
194 90
697 433
341 937
916 661
496 158
369 224
186 950
151 936
858 197
887 98
446 380
229 628
378 158
900 129
21 856
5 291
99 88
155 474
406 858
515 618
769 878
226 77
359 747
750 496
204 532
230 540
948 427
109 913
431 765
589 95
900 310
313 884
724 402
815 657
87 958
862 480
657 440
452 716
219 715
941 17
10 674
282 399
46 92
712 600
896 655
699 306
59 211
443 112
482 726
230 88
126 25
441 407
462 63
267 63
969 169
533 808
802 795
968 495
55 293
332 622
336 361
693 419
949 969
238 256
718 14
189 836
172 150
944 199
484 128
217 523
773 428
612 644
902 64
775 210
929 230
215 897
976 199
314 434
336 181
65 873
800 740
963 848
767 142
458 616
494 298
186 987
939 235
721 439
778 694
28 57
640 699
754 313
750 247
276 703
117 727
905 265
359 702
878 750
972 343
334 840
572 837
304 811
580 572
75 860
726 669
107 207
839 150
678 272
939 708
569 918
13 111
288 594
73 220
473 602
520 797
461 605
745 722
361 729
303 666
163 303
36 39
255 189
577 535
918 77
33 815
88 430
948 860
898 57
346 450
961 735
853 985
451 377
289 630
914 815
419 151
458 551
956 470
794 489
617 714
210 16
249 590
159 217
186 407
718 328
920 319
578 807
742 114
854 920
466 825
68 5
608 114
888 226
251 546
712 48
196 225
271 721
533 46
440 339
741 395
524 487
85 695
911 481
204 299
483 937
873 172
533 256
830 322
243 420
392 308
85 393
303 454
964 396
603 68
200 593
129 587
316 691
685 598
985 260
363 616
492 268
578 397
961 307
228 278
66 89
375 449
692 389
195 165
768 477
452 633
99 3
669 915
943 372
198 469
308 317
809 880
903 938
170 314
320 323
374 10
694 430
929 703
571 794
226 46
56 317
424 417
743 568
212 448
748 146
130 335
166 401
9 602
411 128
946 237
729 203
583 224
878 996
403 814
357 687
541 384
378 650
953 936
715 313
516 318
349 27
222 795
124 797
163 459
129 303
883 600
115 962
956 148
870 886
743 252
17 854
193 672
512 1000
675 356
2 966
735 616
629 245
386 297
405 507
577 602
488 607
167 529
919 583
998 101
860 94
589 568
632 37
334 173
851 261
551 636
972 535
738 657
997 932
106 327
90 832
586 589
825 787
989 512
242 903
121 770
485 225
718 674
9 335
790 383
854 753
638 648
713 727
56 814
581 463
459 283
797 111
449 257
512 225
367 995
852 641
195 690
413 279
429 1000
34 748
200 732
557 640
617 429
691 690
434 441
373 644
10 718
435 97
218 403
316 804
26 952
321 922
325 946
805 504
516 109
757 991
577 73
260 803
709 641
916 822
689 736
890 99
504 794
583 196
72 766
786 358
992 942
461 613
527 690
700 840
315 32
192 341
875 936
197 204
474 579
330 495
850 230
348 223
441 491
331 907
49 222
128 235
811 260
974 46
922 397
390 111
121 572
216 980
529 741
556 186
977 395
323 41
896 159
593 187
385 414
690 899
826 323
169 732
189 513
281 718
67 189
910 739
949 7
860 614
842 937
661 371
494 156
225 953
642 64
856 945
484 850
821 125
947 747
517 852
55 53
848 53
332 414
375 24
415 865
414 588
41 308
406 620
47 874
324 857
230 819
156 946
662 663
201 527
588 909
184 315
848 164
443 582
800 930
463 907
504 600
430 320
142 372
517 296
285 934
260 775
135 661
505 114
508 919
848 512
44 721
101 768
687 9
400 247
865 323
404 697
900 710
45 825
840 754
250 393
435 569
239 519
165 736
4 82
985 562
406 138
49 399
841 187
315 76
408 474
256 649
193 872
418 847
201 165
789 300
349 357
650 610
944 267
393 539
970 755
646 766
760 35
278 658
101 341
836 152
324 436
43 484
940 110
357 169
500 661
984 858
428 297
926 56
159 427
590 69
96 409
833 720
775 205
393 983
431 619
983 46
843 603
349 858
133 925
299 429
856 798
836 348
803 621
313 249
531 887
936 379
686 933
363 540
694 624
901 186
14 125
237 396
809 795
77 547
316 893
703 371
192 819
878 751
131 176
23 358
663 905
766 844
329 371
930 828
827 728
277 759
829 42
23 471
135 761
430 755
851 409
930 943
260 906
391 416
283 315
251 741
145 318
628 523
760 387
117 10
696 598
126 344
920 57
1 119
870 843
841 87
112 533
221 237
978 488
240 972
852 305
429 416
196 445
859 535
439 203
444 547
928 940
859 644
738 539
775 898
245 569
980 588
33 761
953 440
590 903
737 337
96 327
150 612
690 617
33 362
717 256
704 693
410 768
161 142
34 116
876 915
223 600
815 772
800 547
673 811
360 122
17 975
310 920
579 429
337 862
1000 42
123 205
342 41
460 156
319 110
246 693
459 571
583 526
51 393
34 713
454 582
863 302
170 25
523 280
469 11
513 541
956 30
695 746
874 900
51 167
346 617
44 250
445 753
64 398
818 767
212 338
287 257
674 635
87 658
221 668
808 942
982 677
946 36
865 425
972 459
300 668
641 888
166 481
866 850
904 714
80 41
196 620
892 769
896 810
149 690
631 612
304 389
620 251
892 880
508 701
165 696
538 130
945 140
162 686
988 230
426 779
723 115
548 78
987 422
872 122
970 696
794 458
889 968
653 437
33 532
965 355
261 620
465 641
306 691
185 834
689 498
48 454
713 500
401 746
438 271
977 63
873 254
927 985
567 358
298 773
646 330
9 334
82 620
29 915
308 222
116 691
502 668
468 548
360 229
575 2
464 323
337 715
878 474
556 682
942 887
48 913
251 250
768 442
481 625
887 9
599 501
213 42
990 786
593 708
995 120
796 437
49 934
514 905
433 583
485 902
235 831
202 140
611 40
596 476
299 974
287 501
516 253
739 460
636 604
231 152
527 927
344 836
456 670
957 270
102 399
178 503
897 611
917 608
187 399
831 942
814 216
992 2
603 775
947 441
75 722
633 28
266 997
927 488
72 812
291 10
862 695
644 526
396 759
206 42
903 128
372 214
709 177
840 160
125 426
54 110
654 332
372 325
671 245
840 15
15 625
327 963
972 564
989 498
917 149
665 420
24 476
421 790
100 335
817 289
121 684
768 939
401 726
661 144
349 964
850 811
673 866
385 197
932 965
440 507
997 185
102 535
34 815
143 243
437 466
226 519
298 904
716 358
661 483
902 791
873 901
705 89
457 330
442 974
746 78
337 39
913 383
345 77
532 626
421 160
631 123
782 107
216 912
211 137
78 920
652 691
174 731
675 786
161 988
772 212
792 810
44 835
118 116
302 383
72 652
600 806
532 692
679 519
779 897
563 22
909 62
549 23
52 529
724 671
956 127
654 498
303 640
767 431
783 650
869 623
206 501
637 943
62 601
141 374
727 134
420 307
667 786
870 831
852 286
688 493
385 61
813 469
686 157
546 560
162 329
823 28
246 207
132 881
849 385
41 732
903 228
871 816
432 207
984 940
594 87
758 738
30 227
489 387
586 563
347 109
2 576
495 413
289 916
401 690
497 777
9 309
836 462
289 5
678 537
328 765
419 646
263 521
34 819
994 949
239 665
522 972
371 558
246 960
228 493
1000 94
838 866
323 435
678 763
609 830
386 85
74 820
118 404
134 393
7 661
88 679
803 842
402 81
578 470
407 288
728 503
310 924
550 144
38 68
222 481
668 203
482 82
890 343
502 17
378 35
415 634
435 88
532 618
666 548
924 492
943 432
51 104
491 401
64 237
928 475
874 722
340 74
202 87
171 157
459 588
745 839
466 352
841 372
538 316
107 495
970 931
952 682
296 846
499 329
852 451
339 240
196 303
162 651
235 323
988 259
92 456
75 666
28 426
173 9
885 227
103 200
604 339
475 353
723 455
971 961
556 349
1 315
400 585
334 198
85 708
600 728
659 525
76 393
176 383
765 19
587 799
931 481
113 660
958 906
617 4
981 619
15 335
755 146
829 935
116 600
854 346
622 230
425 306
831 126
427 364
16 216
660 886
369 245
521 168
657 536
964 684
416 906
536 939
521 57
575 458
616 249
464 646
484 585
251 334
331 246
740 282
27 209
692 165
378 12
187 535
886 151
852 803
506 227
148 938
790 489
761 367
65 288
305 753
912 295
197 291
112 197
205 792
296 12
39 876
460 775
339 942
946 122
291 819
734 229
316 326
780 501
904 970
625 522
205 634
592 160
139 340
698 973
111 624
719 113
426 776
173 109
266 849
323 640
185 615
681 554
651 334
465 439
410 464
528 147
220 447
93 679
760 92
177 340
704 505
423 459
923 771
449 628
984 787
707 965
427 29
10 15
108 862
45 615
366 98
976 242
423 41
483 258
251 814
894 444
195 801
252 623
384 743
78 449
480 848
688 277
694 799
551 130
351 424
333 653
686 883
158 456
570 904
94 458
989 962
489 800
271 280
990 640
260 15
235 673
753 44
775 778
369 987
529 339
467 767
991 522
645 269
5 750
779 791
726 872
106 545
380 913
611 184
539 201
725 160
448 180
856 49
909 25
362 454
831 773
770 865
631 730
687 228
72 591
240 645
675 921
535 129
262 495
762 377
429 86
822 727
490 68
495 821
832 871
561 415
50 924
768 543
434 575
460 712
681 518
757 964
907 196
718 134
340 804
609 341
718 49
299 165
929 366
548 464
915 943
826 222
354 751
319 63
67 46
773 454
521 437
924 598
971 469
833 532
561 517
467 786
251 955
713 834
562 893
899 110
553 518
882 970
255 33
80 336
407 287
834 105
307 155
15 202
200 841
886 829
27 232
445 57
838 688
879 393
83 88
968 944
727 842
666 961
283 725
947 984
454 56
631 920
835 655
891 357
173 497
232 947
174 954
918 309
114 887
614 580
904 643
891 533
16 451
438 982
277 292
637 942
927 318
862 332
816 489
896 561
788 948
435 729
76 817
37 565
96 95
262 346
618 188
395 71
435 838
929 990
741 690
478 808
335 929
249 544
710 759
888 201
803 416
346 317
611 983
976 924
203 209
798 229
52 64
896 125
309 472
447 110
480 20
273 639
493 220
19 121
171 88
714 642
963 964
329 928
7 653
596 994
632 539
810 826
897 792
800 743
484 880
233 560
531 889
968 573
123 6
865 967
247 51
921 996
859 437
227 63
953 731
838 525
549 758
302 189
350 187
350 66
434 206
752 349
666 549
574 234
776 61
631 217
468 17
308 880
549 808
583 249
291 905
95 51
44 695
689 558
818 906
212 141
468 247
331 521
741 786
559 481
268 62
966 429
167 555
861 153
257 779
277 312
176 929
745 608
434 741
163 417
715 636
93 928
455 825
628 347
335 871
49 58
876 457
309 632
537 285
793 907
23 522
46 345
233 182
306 570
625 984
111 829
578 65
594 169
245 519
175 812
380 786
453 586
370 344
78 89
776 949
135 498
466 967
970 592
954 976
684 73
498 500
554 152
185 6
557 358
376 872
356 121
341 907
786 520
659 490
418 388
220 536
55 269
371 668
427 222
549 875
497 22
460 158
595 685
835 378
359 872
74 1000
242 290
288 70
535 986
198 172
792 470
155 278
263 931
161 697
169 214
758 304
246 452
856 312
360 583
434 242
170 712
902 649
636 971
506 224
507 537
680 885
94 43
227 646
523 981
305 752
838 410
439 357
991 328
151 401
965 813
128 710
828 123
813 745
207 110
434 822
291 131
148 632
774 732
206 306
529 835
509 800
770 47
900 958
561 370
62 897
174 319
513 503
608 819
241 830
47 205
421 878
926 116
978 595
15 82
7 122
983 797
231 536
987 326
842 591
992 432
116 872
544 777
483 551
889 552
125 230
992 303
668 682
983 541
944 130
211 901
674 503
656 534
507 298
767 664
915 771
150 864
320 887
495 327
48 294
986 436
399 3
203 898
61 544
812 280
246 612
674 217
986 39
180 402
754 11
446 153
424 580
82 908
232 5
298 832
75 477
863 268
683 154
591 829
338 905
125 667
630 440
246 433
49 843
839 420
198 308
770 685
437 944
961 62
576 915
95 197
905 471
139 695
52 648
457 472
75 793
225 912
387 421
870 676
100 700
84 25
883 795
476 323
594 666
956 85
98 333
249 975
981 390
31 899
857 391
690 142
165 713
705 460
409 191
927 325
801 977
629 37
96 654
875 945
279 454
961 747
432 455
729 631
236 609
476 16
738 511
63 528
279 567
582 308
896 453
169 901
310 107
97 350
811 82
580 285
859 718
110 452
76 748
2 715
132 814
742 57
798 383
747 405
304 878
362 701
94 984
665 426
335 738
266 39
940 697
512 307
34 75
56 554
403 130
30 762
703 823
461 136
512 418
110 145
646 93
405 577
29 117
565 931
752 886
935 113
846 948
707 494
618 575
143 98
440 219
88 717
12 129
806 369
94 423
403 318
960 513
407 286
545 249
974 872
576 721
226 982
670 531
28 865
32 131
86 330
630 311
140 409
923 570
160 295
179 69
92 930
952 963
883 985
130 643
101 956
687 933
448 98
140 360
116 125
459 674
888 560
743 466
169 721
89 737
787 608
780 303
434 766
643 843
883 533
779 766
18 107
638 297
665 251
371 214
945 91
193 798
656 402
529 932
470 542
590 831
102 900
119 765
139 125
747 480
470 905
436 521
183 364
811 591
221 587
119 658
979 757
413 231
72 439
100 365
154 645
104 872
848 359
618 261
673 780
358 572
164 913
860 470
773 313
3 969
484 994
67 154
821 45
308 144
94 609
510 858
393 182
811 929
511 536
807 991
907 909
602 47
346 737
701 425
192 647
122 840
236 176
623 452
436 274
187 924
830 230
375 287
89 434
477 811
44 914
706 291
694 126
606 280
678 133
58 786
204 564
912 317
1 754
532 842
331 443
994 217
45 649
675 622
732 581
399 950
2 220
701 990
306 326
272 186
678 502
3 314
597 654
266 552
837 159
527 759
400 798
789 476
519 583
305 151
737 116
832 672
63 552
505 568
489 67
931 52
881 833
917 419
2 768
280 994
888 119
637 260
513 180
348 305
957 873
427 930
615 333
395 320
548 410
699 798
375 921
987 27
766 572
725 899
707 136
321 453
873 144
413 493
694 902
660 18
954 819
223 490
902 179
760 766
764 222
553 931
918 449
588 355
365 22
118 502
149 498
881 647
855 983
677 467
513 530
530 710
419 682
92 836
644 179
347 725
866 383
482 116
672 44
819 175
969 638
936 369
460 547
722 906
100 109
526 42
929 556
416 729
681 195
458 76
222 253
652 452
292 459
97 885
239 930
390 936
852 3
280 514
487 425
969 442
491 810
447 365
274 972
782 524
253 876
823 160
144 446
221 206
616 996
429 385
547 290
784 144
968 333
325 304
935 955
519 312
243 105
7 484
101 281
708 375
211 313
728 589
909 520
253 78
681 953
99 824
300 1
854 952
376 871
160 660
451 119
513 144
380 898
909 746
824 618
306 769
915 917
589 278
517 713
537 139
242 899
812 507
228 242
284 700
51 859
592 661
955 517
663 844
902 12
996 255
281 758
803 218
798 77
267 519
882 194
514 155
872 52
4 530
543 667
534 842
350 967
795 630
8 260
318 33
584 727
267 741
507 248
933 972
165 338
347 531
276 541
562 806
63 375
215 536
389 939
105 854
288 210
609 932
130 525
829 397
192 894
264 347
451 987
515 642
469 363
330 964
916 835
299 963
713 41
16 315
145 473
921 584
490 210
175 333
923 135
268 112
842 93
53 914
737 865
754 769
814 223
267 296
175 419
550 757
55 137
334 320
816 463
410 272
158 658
72 815
474 591
849 508
22 429
171 549
409 984
653 325
488 959
451 309
70 473
901 859
229 328
908 277
12 290
909 556
824 808
676 777
381 29
400 516
833 942
188 739
447 303
860 173
842 608
656 284
779 145
747 549
142 627
994 842
225 723
318 272
622 322
128 444
312 201
954 888
920 904
243 499
778 42
797 478
752 887
665 720
683 475
47 528
584 356
731 503
289 344
181 986
93 424
864 724
30 721
750 538
752 597
91 965
540 774
501 430
583 864
568 71
397 291
952 230
313 556
26 575
809 978
631 997
389 528
268 679
989 725
260 798
572 413
829 2
118 75
28 359
692 782
884 566
576 879
226 168
944 963
908 870
641 933
218 772
610 2
496 686
558 802
705 318
412 996
71 185
671 662
922 729
580 604
168 117
141 452
568 848
254 87
93 971
276 349
439 227
764 772
788 591
125 474
220 498
383 518
88 199
337 170
921 299
676 813
591 146
849 279
360 356
196 138
189 863
483 638
195 50
911 392
276 145
833 724
731 53
495 380
526 608
358 908
773 393
608 407
298 107
216 496
747 956
369 54
276 614
317 334
483 58
433 849
398 49
60 528
186 855
522 813
595 322
342 850
38 123
481 702
759 7
924 120
1000 654
998 937
749 493
594 576
240 3
826 790
145 16
753 891
469 439
115 719
921 512
831 984
454 452
485 455
900 678
689 957
156 598
16 33
128 619
787 748
81 717
870 847
799 321
16 176
435 646
100 328
828 439
832 818
301 81
841 36
970 640
775 873
818 460
72 246
720 706
37 331
506 775
253 26
159 844
427 933
689 458
85 705
730 534
159 506
362 754
881 930
343 254
950 386
437 117
295 123
850 750
209 254
195 447
968 893
952 354
626 841
844 225
132 404
502 692
673 152
944 344
731 398
146 376
647 644
42 39
320 523
686 858
470 449
773 62
172 699
66 82
612 856
270 88
627 623
612 249
796 480
874 896
543 853
910 104
507 829
236 149
330 862
761 530
857 103
506 127
17 408
628 806
386 847
945 795
856 425
714 779
416 730
572 445
311 395
511 697
904 895
407 311
17 186
880 110
292 500
455 616
59 451
222 141
248 264
780 353
53 384
734 232
161 268
899 437
144 82
475 416
981 806
261 805
653 207
989 87
572 993
921 175
463 304
339 382
802 634
823 208
185 612
280 848
671 908
974 359
327 842
951 139
720 686
884 81
104 643
525 759
674 275
935 664
295 313
524 305
196 194
188 725
868 860
190 416
599 988
727 139
198 991
817 163
295 31
958 933
7 939
191 94
833 959
727 120
341 941
20 342
630 877
760 539
527 257
678 695
973 361
223 350
351 405
613 962
543 555
394 542
397 685
878 478
664 336
938 83
597 446
514 648
938 994
818 524
142 242
737 561
866 256
64 160
904 61
463 946
65 487
873 282
36 672
539 283
260 808
28 284
732 744
278 220
407 952
155 131
925 955
35 505
745 100
369 651
297 438
500 331
616 660
502 489
395 993
362 340
970 919
349 122
339 60
747 75
913 765
954 483
211 502
158 659
34 389
658 587
80 698
93 998
500 920
852 373
569 889
549 435
880 124
212 79
897 35
260 915
154 572
906 7
909 700
713 267
276 15
336 274
157 284
626 943
870 290
998 503
450 185
547 797
466 687
858 221
354 690
916 476
333 733
545 413
694 766
238 170
722 527
541 73
137 131
454 898
194 146
579 827
925 347
308 323
825 351
525 234
520 299
317 11
786 18
865 523
807 744
361 820
123 309
711 76
801 140
18 827
607 15
352 529
64 133
18 842
718 779
645 511
995 886
376 262
748 102
363 790
625 501
525 32
351 611
889 72
173 383
211 180
984 372
550 647
643 99
887 962
546 874
709 494
372 16
62 972
671 806
396 256
589 665
386 490
225 306
615 69
908 427
140 829
92 6
77 342
180 609
475 39
737 328
976 512
668 974
923 863
927 895
275 764
917 181
521 756
314 346
688 99
933 555
693 831
333 672
954 938
403 160
793 488
882 901
447 107
773 295
781 796
803 528
761 938
977 805
191 231
640 403
253 787
436 254
75 278
773 217
578 419
321 138
605 922
165 361
94 385
30 605
490 914
182 996
200 872
165 250
807 831
78 841
961 75
835 590
143 663
660 547
592 297
187 527
114 549
558 754
687 970
123 721
658 188
457 261
809 56
524 533
943 45
738 97
622 750
585 50
559 125
784 889
296 404
163 324
532 827
611 834
23 176
879 897
628 647
388 460
151 364
410 294
768 723
562 96
447 281
581 152
563 608
489 176
490 155
328 242
461 205
958 42
975 432
306 569
115 187
78 45
116 224
873 491
289 874
268 711
974 107
228 841
570 444
110 365
348 418
100 259
232 486
910 898
132 518
341 904
493 507
424 988
812 311
669 218
137 505
377 988
564 432
213 334
270 319
203 872
468 636
108 683
199 252
539 611
61 763
707 313
897 69
717 976
95 972
721 405
961 422
956 262
888 797
949 400
709 977
486 586
765 949
273 53
208 526
28 313
726 832
675 814
964 989
973 793
705 219
781 166
23 103
192 161
410 24
31 936
151 860
588 519
188 149
500 231
322 943
935 855
205 630
461 716
903 501
151 368
549 948
219 934
291 21
850 252
879 635
395 137
836 846
994 879
146 774
92 206
847 691
793 21
180 12
693 628
585 347
492 795
777 521
480 647
500 714
233 778
270 590
56 982
438 256
276 219
461 225
578 587
987 121
327 760
574 523
542 37
356 24
836 258
752 845
660 48
788 237
994 902
612 297
209 362
467 890
33 196
859 208
984 440
312 13
60 763
21 619
833 445
172 521
161 376
234 862
553 558
569 372
534 827
702 137
117 631
173 965
501 456
138 536
17 345
949 368
436 293
901 253
597 302
935 93
825 435
365 282
558 699
430 302
88 897
94 123
866 240
403 626
689 649
852 835
602 694
839 199
456 564
221 364
795 37
869 892
729 297
913 978
161 789
438 535
404 675
277 411
45 719
140 165
588 555
790 235
3 231
426 950
852 400
960 833
663 456
745 573
546 694
824 972
269 745
59 173
918 254
482 700
653 323
267 8
486 156
343 381
219 819
148 381
140 973
992 791
230 145
603 681
250 819
386 144
499 208
393 707
485 45
747 406
534 296
793 354
542 871
889 713
543 458
860 350
328 887
404 436
557 282
7 889
176 315
985 571
487 881
133 186
650 31
354 128
406 733
220 963
596 970
744 221
265 68
694 767
146 321
365 75
169 992
151 560
647 719
192 527
526 932
894 790
218 351
773 117
332 491
975 455
370 130
74 702
221 573
701 499
665 773
948 62
857 45
325 527
679 476
581 92
201 381
736 793
992 755
19 497
633 647
544 144
434 8
786 309
187 704
614 745
631 773
961 825
283 341
213 525
897 578
914 544
258 28
166 701
291 735
153 242
101 748
139 259
573 366
645 801
150 129
244 36
303 703
186 221
849 619
832 839
870 131
546 589
874 206
231 895
935 637
572 793
663 690
353 725
562 638
11 43
201 393
278 519
607 605
836 21
983 772
974 447
668 894
599 790
457 639
417 82
368 928
186 273
314 458
996 290
65 576
997 119
555 357
833 603
985 160
561 980
219 328
369 91
539 338
501 622
945 786
265 96
513 666
753 317
173 560
673 476
347 863
105 754
415 835
381 837
113 47
424 686
977 966
744 983
321 58
127 474
112 41
478 112
731 306
621 32
948 368
87 644
494 766
902 673
463 885
635 396
13 134
285 673
786 390
520 38
409 425
134 974
784 747
677 112
37 145
738 126
166 511
813 624
634 63
875 187
718 663
75 947
301 429
537 134
880 802
923 510
562 18
32 733
75 222
116 451
832 820
335 867
541 980
638 328
713 23
453 276
755 684
239 263
24 716
694 132
225 349
776 859
266 777
619 365
208 488
334 88
600 558
396 523
491 655
936 528
578 849
426 450
211 636
820 662
124 299
164 161
464 361
834 630
854 637
376 556
275 392
792 30
6 678
480 986
466 741
753 511
385 585
869 417
398 497
89 707
534 941
920 881
997 333
191 282
911 61
626 41
170 3
942 861
436 322
211 173
666 867
846 653
878 248
117 879
217 85
623 485
123 905
601 255
585 706
531 228
477 780
666 350
498 745
448 62
179 190
18 768
540 157
834 510
677 20
770 918
843 372
719 425
642 490
10 771
856 201
305 837
147 260
72 600
917 598
221 41
174 97
790 146
106 891
732 987
642 463
792 301
510 25
975 113
689 808
466 99
196 264
527 724
714 461
642 126
2 961
40 276
108 600
309 600
331 996
444 733
447 750
837 402
381 118
922 119
872 822
819 808
324 394
38 648
590 997
354 853
940 44
46 603
638 977
125 226
253 429
971 718
183 454
367 165
85 596
870 826
659 413
312 304
424 810
849 127
371 719
473 59
998 600
323 336
974 14
144 960
55 953
170 197
887 189
704 949
119 234
341 796
949 262
90 28
185 256
276 530
981 876
472 852
734 620
419 931
152 614
317 372
137 246
104 383
857 167
565 158
843 980
133 258
433 744
23 311
959 539
583 927
198 187
511 896
316 146
135 686
748 237
127 745
18 868
438 613
94 11
331 503
652 491
286 697
640 823
678 339
357 716
486 800
838 21
685 197
607 344
832 647
210 798
857 573
107 426
179 553
699 302
314 768
277 380
405 439
742 320
68 279
287 55
624 367
110 750
261 680
742 467
230 7
875 830
439 777
576 369
426 632
138 308
504 332
860 57
163 859
435 926
366 950
756 122
823 980
845 828
58 222
422 599
315 741
635 744
543 437
432 775
696 596
362 712
860 351
368 901
235 893
33 389
200 434
988 699
958 839
280 362
564 506
86 898
752 874
843 517
838 742
904 415
88 546
146 446
590 445
497 466
207 859
264 909
726 205
181 840
700 1000
536 889
611 287
647 607
529 717
856 726
412 396
324 832
41 10
276 675
467 484
236 223
626 339
754 412
187 997
957 217
26 429
999 578
537 202
730 469
424 33
342 535
610 831
645 364
181 349
464 865
853 393
956 902
960 2
981 309
179 871
723 866
248 322
283 709
583 310
14 599
715 710
678 462
975 184
9 452
135 961
71 755
420 313
793 769
645 800
338 94
931 911
568 851
497 711
921 101
559 671
124 546
718 372
478 813
40 251
516 817
849 276
243 5
449 902
158 62
411 610
336 496
561 233
165 898
525 910
453 883
674 59
489 679
293 639
337 875
232 95
160 812
198 692
219 331
256 511
739 912
207 910
78 514
7 514
502 734
468 602
506 277
18 345
626 2
535 860
593 459
252 352
289 490
86 894
956 614
722 640
890 494
84 409
450 863
397 324
473 230
97 530
978 893
799 889
565 327
91 704
593 518
44 910
267 599
227 256
134 828
231 504
174 713
491 407
878 609
607 109
919 161
795 127
465 880
304 690
396 226
514 541
292 467
519 780
757 769
373 8
469 549
516 322
980 151
585 865
69 144
487 385
326 769
461 768
737 942
940 517
867 575
435 651
831 893
387 556
64 687
698 930
256 446
486 165
309 756
480 270
278 689
137 547
102 917
158 907
414 17
471 64
206 597
554 304
99 913
155 672
674 381
896 175
309 406
658 626
974 408
232 157
416 452
167 937
426 229
299 113
337 966
142 729
589 80
661 323
220 533
830 330
647 368
191 180
91 864
424 621
460 155
428 697
220 827
204 144
422 91
88 649
731 673
990 686
627 624
540 841
807 951
303 157
791 696
283 65
781 450
217 197
697 723
408 814
118 7
448 63
356 664
322 536
785 592
907 139
796 816
264 385
853 321
857 774
197 301
804 283
663 192
102 410
4 413
505 412
841 282
611 376
588 513
516 294
305 981
213 708
235 148
870 878
743 244
693 815
362 17
370 516
791 322
704 300
56 340
681 556
633 289
22 372
261 708
188 612
690 290
909 516
400 540
917 9
689 410
484 354
621 863
932 714
521 673
175 956
72 499
58 170
868 863
171 505
564 624
51 863
802 61
774 63
371 718
733 644
452 208
193 160
872 56
216 572
933 615
699 653
901 473
981 875
854 491
226 860
690 635
356 463
70 597
108 280
536 909
421 181
77 531
830 211
621 86
606 442
697 382
367 66
903 902
596 628
46 584
897 179
714 987
655 730
951 922
790 540
352 520
445 497
378 980
750 732
890 3
151 67
615 670
338 454
980 747
691 118
515 932
793 522
257 865
876 217
73 156
92 360
143 796
5 795
950 455
545 607
31 799
625 552
939 649
443 111
707 746
463 352
672 615
550 632
537 303
594 840
776 645
729 747
783 962
760 853
84 585
125 419
292 574
975 283
651 241
56 951
699 237
962 633
102 812
471 505
601 698
973 87
907 297
967 633
772 633
647 299
171 114
556 871
741 173
844 721
527 358
659 150
973 266
612 94
282 655
355 975
527 407
551 45
539 557
62 202
999 671
156 27
121 910
659 116
473 137
772 445
494 625
995 12
933 206
75 218
494 736
867 70
632 961
873 846
501 204
799 789
913 146
267 286
365 397
517 272
187 597
717 42
669 629
430 443
37 251
666 749
459 601
174 956
255 51
19 721
349 42
791 55
870 980
671 525
429 146
122 356
896 745
568 630
60 712
329 6
809 268
349 91
633 80
282 404
525 120
999 1
107 393
970 793
419 21
775 752
427 526
435 735
534 121
572 932
742 508
279 598
286 342
750 987
322 79
387 761
435 844
665 111
594 191
386 408
595 234
470 898
680 428
457 533
665 24
119 617
775 645
571 278
34 249
157 534
637 93
513 77
224 582
958 913
805 915
835 633
57 42
259 930
501 763
392 257
324 161
826 478
316 672
655 177
68 637
53 207
437 672
804 812
911 72
34 556
716 16
679 156
347 607
938 22
733 118
601 880
271 350
204 851
959 973
853 74
449 156
252 583
145 123
184 479
166 275
259 399
168 554
504 636
620 346
730 438
38 345
27 1000
787 487
884 534
645 464
80 894
373 23
670 957
728 618
657 2
842 14
36 985
724 46
282 121
619 176
984 339
801 803
822 631
932 19
625 615
75 514
710 920
316 858
989 79
520 612
880 514
628 416
149 86
278 711
119 815
120 119
963 477
295 217
418 986
322 423
526 47
738 531
243 115
941 410
102 906
250 873
201 427
185 814
521 644
78 163
156 514
232 271
655 721
196 234
915 636
223 563
594 453
136 410
376 558
966 781
590 169
259 881
172 770
383 434
447 136
216 690
694 923
182 6
898 660
996 87
601 513
907 718
967 982
621 594
384 641
630 692
908 950
263 763
69 908
340 199
414 637
143 417
762 615
873 582
513 533
863 423
757 672
597 279
869 530
268 517
831 474
626 265
313 616
633 611
66 880
783 279
986 897
279 867
878 659
956 873
848 930
938 764
759 148
961 197
709 623
212 457
297 140
86 486
718 983
960 411
779 881
887 307
531 452
130 503
884 618
596 166
981 186
526 329
771 98
477 93
482 949
853 674
106 889
236 740
551 677
992 778
809 324
615 936
248 234
301 32
808 256
736 271
555 965
905 970
176 982
943 518
395 52
732 251
328 17
137 973
358 445
755 827
936 639
918 819
245 997
484 355
232 476
124 730
270 674
702 571
722 227
814 755
655 565
16 604
825 794
932 602
542 153
485 232
379 381
873 887
160 998
712 307
569 398
471 314
152 330
560 327
635 925
893 477
199 332
954 579
973 357
838 941
16 131
325 758
215 678
109 95
228 307
47 857
825 327
679 164
863 411
648 200
373 651
291 664
809 859
888 828
868 498
729 12
251 464
803 638
646 7
153 584
540 76
282 876
265 634
585 589
342 632
682 269
994 43
413 389
407 948
838 504
252 877
159 673
184 757
799 487
69 198
878 817
292 123
741 852
779 635
323 583
733 400
1 479
615 972
600 347
658 583
613 934
844 132
918 253
6 987
723 23
358 878
523 408
158 806
968 366
608 981
594 216
422 502
742 416
524 243
273 334
601 514
71 956
348 327
530 410
82 245
870 452
135 893
820 729
366 357
797 26
627 209
385 356
828 968
38 189
962 630
708 118
176 175
765 99
177 762
640 254
555 987
370 237
25 958
134 232
313 549
245 795
673 890
986 483
346 66
954 773
513 707
246 555
53 314
806 328
125 998
454 740
772 521
220 990
207 948
264 800
726 281
453 309
212 589
324 819
901 77
616 169
619 762
726 50
229 634
714 538
92 486
398 201
659 51
282 942
230 808
378 23
621 57
969 936
512 619
165 83
38 419
80 629
815 233
967 482
883 991
259 35
960 340
508 936
848 761
941 123
176 594
175 364
452 679
821 730
452 115
18 729
992 980
990 163
645 524
649 585
814 141
102 419
265 880
723 501
174 159
967 145
989 106
775 755
446 730
214 843
649 183
953 713
845 619
745 431
876 627
2 822
331 942
836 153
563 587
927 234
639 578
663 572
962 555
907 118
295 345
958 519
885 749
964 252
768 911
141 899
91 120
401 46
701 475
370 17
669 321
329 984
95 673
167 20
793 413
777 800
106 73
1000 55
708 776
11 488
859 236
627 376
77 871
885 944
659 959
751 795
221 892
536 808
470 697
226 658
317 329
228 356
1000 469
322 225
605 918
700 910
574 947
98 803
815 431
343 104
494 530
270 404
173 667
28 162
854 242
51 195
585 195
416 836
164 418
330 950
832 348
177 688
778 926
800 186
820 309
821 540
880 488
386 791
494 876
123 578
107 185
507 739
364 296
37 158
990 12
370 941
459 580
478 288
535 275
873 697
222 805
615 822
400 901
700 16
131 887
762 329
211 453
656 214
782 570
624 346
326 918
240 595
918 202
461 693
153 124
103 896
836 967
488 621
167 615
527 959
760 217
137 976
694 348
608 925
715 851
609 436
93 859
495 219
794 366
617 833
154 961
194 562
158 905
604 73
453 563
385 307
103 567
949 819
508 197
842 677
59 693
594 338
566 36
271 840
740 962
937 846
918 737
216 691
747 881
255 882
381 403
720 259
97 151
80 98
445 950
668 402
834 902
323 407
986 253
221 832
630 548
134 621
503 134
105 723
14 183
971 240
792 477
975 320
248 849
853 252
985 44
89 103
252 757
402 316
577 202
239 898
130 722
387 33
874 687
377 397
838 258
205 905
949 26
813 960
689 754
69 336
397 217
644 878
666 290
359 11
932 161
770 772
258 80
6 722
304 422
892 905
107 451
900 534
867 605
941 190
444 506
851 377
440 829
827 187
648 937
975 483
957 564
318 802
11 918
841 971
140 977
249 624
875 740
470 790
24 613
846 487
459 155
832 561
817 723
871 880
51 899
233 36
788 292
573 742
55 660
35 128
906 122
335 644
484 66
690 917
621 639
262 76
347 218
310 962
259 876
454 932
760 689
301 645
413 459
273 568
298 925
280 384
726 309
866 572
803 556
678 680
21 631
562 849
439 153
76 105
857 164
360 908
549 550
611 373
994 343
901 249
78 794
691 301
910 73
749 31
751 561
113 325
723 764
423 762
212 383
622 710
2 461
208 768
79 713
830 819
779 783
248 587
222 315
472 403
673 732
919 235
339 997
675 607
359 478
398 558
4 417
961 962
835 953
175 312
219 760
225 79
602 839
822 572
292 203
22 52
996 871
577 643
392 973
488 534
414 290
296 355
163 126
198 448
438 164
405 37
889 770
338 8
945 48
162 314
235 400
955 123
318 937
45 143
840 169
513 325
896 331
708 434
447 412
968 77
732 510
825 708
918 591
775 82
858 388
142 629
807 381
60 966
615 480
34 949
42 694
100 86
427 142
450 37
802 462
557 568
686 804
817 651
450 84
587 573
996 501
751 774
293 698
647 715
246 714
561 654
930 477
611 256
759 392
929 404
576 552
481 660
76 638
506 65
308 767
243 930
459 714
45 525
636 522
620 391
287 464
149 543
377 54
624 134
862 495
149 640
226 277
742 160
895 109
509 418
775 605
814 253
671 668
396 430
150 133
944 694
84 649
235 672
951 45
845 618
651 305
194 700
429 451
181 418
628 509
22 306
723 419
509 998
849 265
448 134
707 887
319 357
727 360
746 341
50 666
304 374
309 447
292 675
902 428
870 368
709 873
837 649
640 219
648 758
646 929
775 199
265 138
369 462
815 731
263 512
197 464
678 609
55 994
630 686
461 506
178 703
363 633
735 481
651 552
431 448
768 460
734 555
725 300
517 80
153 741
192 781
856 292
468 938
933 224
376 759
568 327
680 641
420 132
848 599
558 614
265 945
951 589
559 120
652 430
671 594
709 683
835 992
473 679
258 77
405 266
602 864
266 576
110 843
109 652
489 515
44 461
767 930
605 236
420 667
793 994
407 562
483 853
45 70
376 227
56 737
957 706
491 754
510 338
607 704
441 297
10 318
836 230
964 51
875 648
237 623
917 99
78 161
723 300
10 129
48 468
153 604
451 17
57 362
129 821
538 667
62 117
389 363
10 16
897 264
377 517
324 711
208 40
794 803
246 528
32 262
218 241
137 165
221 814
596 782
263 757
213 314
898 948
692 392
713 915
542 361
863 417
131 504
919 627
321 26
940 848
507 819
56 345
184 270
170 289
423 721
946 446
855 562
649 853
338 590
502 229
344 195
813 57
113 442
683 626
254 383
725 147
948 630
566 596
865 272
593 769
847 164
963 638
268 75
73 229
883 692
960 187
615 853
378 512
201 9
681 375
98 643
616 860
232 657
283 575
638 281
400 881
644 540
502 408
395 391
653 346
547 299
529 980
234 82
14 812
883 323
721 620
900 821
671 81
31 491
162 390
272 458
201 500
718 179
439 854
37 838
674 301
512 688
451 124
859 875
287 770
346 330
309 326
37 983
756 401
133 680
570 292
890 911
499 849
16 606
238 455
912 523
628 203
784 336
797 322
323 199
198 977
672 49
497 200
375 235
384 752
973 146
582 942
731 480
592 938
298 45
652 972
526 973
708 976
655 235
86 578
859 324
307 876
665 899
47 859
198 413
199 108
458 294
652 818
692 19
655 393
217 181
36 607
460 584
644 158
577 213
613 575
230 925
946 418
140 493
490 614
363 252
112 60
458 24
866 141
264 465
467 298
244 608
892 601
970 191
457 448
772 137
5 614
335 483
373 92
302 216
94 56
967 286
236 292
53 874
666 601
131 912
913 870
914 569
537 530
75 639
116 353
845 229
706 951
799 374
292 763
931 774
184 981
275 837
727 752
746 273
917 328
347 131
25 64
300 190
73 332
898 278
367 487
546 260
984 841
310 141
901 614
59 655
354 885
392 522
724 651
485 185
363 993
239 881
797 294
928 571
587 990
289 119
294 480
612 379
261 249
546 89
267 600
308 132
351 519
591 763
119 625
66 498
85 342
358 874
622 167
807 51
539 689
591 872
800 835
911 113
623 315
956 606
578 456
111 246
455 490
866 335
593 653
834 145
853 179
636 805
312 763
170 761
947 363
275 25
183 621
939 583
139 715
607 154
495 668
667 81
317 856
434 916
127 97
790 281
166 551
574 416
244 771
795 437
136 534
957 646
116 376
212 225
359 82
306 346
93 34
352 484
667 895
287 134
291 67
992 820
535 188
775 749
941 133
852 288
415 226
533 971
756 132
757 365
79 145
693 661
567 252
864 109
371 79
680 431
862 955
334 240
814 702
543 4
358 714
492 856
737 435
228 802
67 100
823 677
424 855
756 376
884 437
741 492
94 734
332 215
780 687
916 351
61 608
962 237
359 895
218 141
860 716
534 885
367 556
99 386
959 232
915 125
576 646
114 381
703 279
696 31
643 632
757 634
925 369
445 84
943 469
691 356
599 439
433 564
964 848
326 441
716 241
868 436
64 753
929 536
696 381
184 593
972 474
494 882
22 352
355 424
528 64
704 375
490 705
566 966
532 850
348 679
165 855
153 951
460 789
562 301
937 259
305 860
877 51
516 334
130 385
649 619
600 247
139 469
656 185
791 197
188 894
761 36
785 500
969 23
642 407
435 655
375 693
790 7
849 569
386 345
851 23
562 158
497 743
280 891
910 78
766 17
810 217
236 247
391 911
105 123
289 876
141 707
932 722
524 260
29 866
628 240
132 637
498 493
101 80
530 856
34 907
988 712
976 768
8 562
261 160
450 251
513 991
458 734
989 722
494 240
591 514
631 497
856 284
691 900
798 1000
485 467
199 357
881 278
57 180
560 301
815 623
16 363
29 355
934 363
536 774
990 527
960 978
375 469
213 426
344 311
5 650
147 788
938 9
84 441
415 947
714 483
227 467
815 306
265 754
861 560
933 131
75 231
627 914
259 492
298 394
409 610
246 255
856 95
965 643
748 21
406 111
247 707
433 131
370 91
844 919
525 44
840 578
822 598
948 661
990 264
370 689
408 494
120 952
893 707
430 835
437 858
969 51
33 786
101 432
796 752
705 186
332 708
847 167
850 137
299 63
447 277
249 630
204 641
608 955
92 196
310 55
665 36
175 971
655 938
20 904
183 752
984 516
160 539
110 275
665 326
635 688
403 816
56 856
746 379
431 583
180 325
479 971
428 635
525 803
967 550
769 337
233 163
7 561
410 898
933 421
290 743
75 327
150 778
937 357
526 978
657 609
381 663
661 581
846 579
540 826
484 960
485 681
90 315
933 320
200 855
365 131
208 706
321 997
680 572
751 563
311 710
705 927
706 496
778 965
729 17
705 8
282 875
670 734
231 316
306 85
478 367
45 696
171 892
767 303
877 411
348 879
644 844
426 89
425 754
541 708
746 598
827 637
377 137
641 962
562 71
109 706
572 190
746 761
488 649
879 967
515 70
112 505
192 278
664 571
348 60
278 787
851 207
227 873
525 306
504 482
927 98
948 911
620 814
623 559
690 706
8 797
667 734
82 402
305 433
641 63
863 774
774 253
812 64
940 13
997 972
547 949
659 591
287 630
882 316
864 799
792 44
542 248
176 305
341 985
488 99
343 191
418 338
799 279
366 695
423 199
150 773
804 773
712 338
548 696
203 857
888 434
209 328
360 204
17 541
792 377
87 408
859 419
660 816
517 233
887 113
563 423
61 812
571 131
345 90
271 326
458 347
242 498
917 371
476 619
94 206
694 559
260 868
193 143
442 678
765 516
781 151
515 887
734 393
918 336
792 932
5 601
634 37
637 834
84 70
305 823
912 345
309 532
418 526
936 111
573 134
973 940
222 778
136 535
672 697
800 494
328 511
572 66
448 904
31 255
848 956
611 525
315 88
432 412
250 639
399 744
255 700
881 849
850 73
3 628
442 60
7 36
818 435
177 313
594 74
354 935
280 62
558 337
90 925
253 511
920 206
510 968
893 207
161 254
626 970
147 319
60 996
872 342
872 527
845 61
369 460
601 553
725 103
843 548
795 665
741 205
602 133
566 488
125 632
53 203
683 76
78 694
321 131
252 381
735 368
665 323
904 158
711 267
967 157
145 238
553 761
825 380
888 776
160 326
118 31
456 916
237 273
147 729
907 390
424 118
762 912
374 426
106 732
565 499
292 329
705 240
620 485
566 967
87 784
466 343
912 325
952 710
365 655
757 189
903 633
62 689
945 259
139 468
602 906
417 746
842 157
880 856
371 415
64 309
818 226
602 829
876 428
352 112
723 99
508 696
34 452
789 340
186 262
97 300
723 464
284 796
470 563
327 862
589 519
507 261
718 341
498 264
23 653
263 162
307 707
855 324
233 77
231 750
608 15
382 366
721 800
793 179
116 798
245 958
215 90
128 94
354 826
355 591
600 850
105 148
119 387
252 221
436 788
589 250
238 408
306 505
589 75
792 147
24 858
881 277
517 783
424 148
394 610
659 210
255 605
506 609
717 888
792 433
665 933
647 525
599 372
713 913
700 941
847 814
761 681
647 930
743 841
856 659
507 821
127 484
109 153
40 928
425 106
834 774
122 228
395 654
692 168
566 641
89 520
754 417
57 631
398 258
155 14
891 792
451 887
86 506
624 957
970 153
771 328
369 534
720 204
507 82
876 99
17 178
242 128
387 448
559 30
212 171
933 373
633 931
795 380
227 622
340 343
322 934
987 660
714 100
635 673
562 48
909 861
423 880
600 498
750 804
456 42
112 700
276 285
439 803
46 643
448 670
491 720
385 227
872 609
565 514
175 970
750 518
149 235
656 753
987 193
116 993
963 104
363 916
896 63
627 23
993 705
423 34
941 545
618 702
11 420
171 990
432 493
733 671
366 472
207 988
63 408
657 727
569 3
91 835
762 532
749 250
289 292
554 504
659 965
964 651
53 436
541 911
565 265
785 83
151 888
961 52
9 647
191 619
529 328
235 811
715 101
53 598
644 47
866 623
230 610
306 82
596 903
236 407
935 943
615 661
541 594
9 609
966 193
288 568
821 706
496 699
98 323
335 402
608 997
943 721
960 595
843 487
187 411
226 511
410 246
603 787
508 725
847 996
370 722
729 637
608 890
992 153
663 310
118 595
46 300
28 847
107 718
720 755
257 107
77 426
900 811
867 856
337 325
48 176
49 201
489 2
785 733
551 646
534 432
423 275
157 355
379 575
90 902
487 904
825 713
992 909
738 838
885 533
91 16
272 726
259 828
298 858
747 685
94 736
989 744
891 422
42 470
977 817
25 732
959 97
485 490
644 463
807 45
721 308
744 83
561 643
854 8
32 447
469 102
967 811
380 391
315 701
242 352
61 828
180 520
56 420
187 906
848 832
167 432
652 720
765 901
472 84
951 836
455 373
437 922
226 95
62 297
675 798
160 305
23 454
170 630
615 552
710 260
841 507
469 410
654 245
383 100
224 467
102 468
203 278
145 333
391 608
867 440
84 950
505 351
453 7
439 468
353 915
425 638
619 88
767 32
490 28
866 103
865 56
810 875
295 131
208 235
987 589
250 231
628 907
280 865
443 255
798 423
945 81
432 108
34 272
767 774
509 114
475 142
850 78
987 363
395 927
880 761
480 574
34 242
327 923
279 139
78 251
501 932
690 969
141 959
315 628
209 137
686 613
526 766
48 265
109 368
608 305
864 939
114 6
132 441
445 942
800 643
893 272
354 588
181 916
589 55
989 893
773 176
138 729
25 696
544 664
265 105
930 397
273 662
754 73
596 868
942 840
169 321
319 651
378 341
307 851
535 971
536 859
668 168
393 414
463 35
52 901
53 492
750 470
809 774
100 905
411 46
588 934
679 832
144 818
859 454
956 817
776 183
596 280
909 453
892 643
255 77
718 879
991 345
2 99
66 698
344 776
623 898
936 76
165 806
847 457
723 772
939 835
602 907
624 207
399 809
330 374
421 541
741 872
957 699
620 795
876 429
742 623
642 405
202 652
130 161
37 109
254 426
283 965
508 396
40 722
883 360
29 606
358 394
395 412
414 392
141 624
318 8
333 200
449 971
162 464
626 525
736 53
652 969
711 900
318 326
634 847
91 88
845 691
797 492
432 596
513 989
248 36
492 404
89 977
226 592
977 232
308 126
844 152
630 649
560 303
635 869
125 539
143 428
248 73
270 117
546 752
624 577
694 553
21 817
226 805
778 604
728 479
1000 723
620 292
13 850
239 910
754 478
312 693
277 685
792 767
578 208
772 484
781 333
359 289
434 120
995 809
223 26
47 388
257 578
538 501
104 520
228 850
277 496
269 974
76 910
171 930
906 595
245 349
84 861
675 274
417 614
870 243
528 112
713 52
151 803
664 592
441 473
390 482
817 86
448 671
675 112
182 64
150 418
499 252
851 275
54 14
664 878
93 556
485 833
638 984
807 341
209 64
933 253
68 781
287 557
733 621
20 232
313 98
846 820
868 980
355 763
122 722
399 20
994 926
498 241
480 876
872 62
302 833
712 391
877 819
627 229
275 139
406 995
317 284
781 685
936 542
964 613
634 954
273 862
551 7
683 151
367 614
43 884
146 119
665 817
905 226
58 213
485 824
236 242
807 767
496 79
486 622
516 83
972 397
723 625
669 619
235 955
752 239
74 503
353 148
351 993
559 76
908 884
491 226
623 853
311 279
995 547
905 783
11 268
583 472
828 385
331 859
10 512
874 323
453 324
970 894
614 257
634 707
434 563
665 149
685 42
449 770
68 60
585 494
90 532
788 341
127 531
188 757
746 686
375 565
340 808
162 24
381 132
823 813
929 810
650 293
264 632
559 855
986 381
72 277
54 133
111 92
518 244
519 69
124 473
324 651
988 690
242 44
209 317
29 74
648 673
864 639
367 932
207 947
885 935
736 522
90 507
553 993
101 877
484 727
714 692
697 450
494 392
531 279
190 897
653 535
655 121
948 245
659 122
753 107
915 484
729 800
901 217
703 333
778 532
165 721
398 893
200 964
494 746
533 720
43 638
118 214
799 787
415 140
880 449
558 590
670 824
362 415
624 966
942 344
984 462
144 245
952 556
149 652
49 296
302 106
982 984
162 521
172 610
511 272
813 294
164 821
598 680
452 834
879 997
79 237
466 34
158 756
430 889
306 443
118 745
310 467
975 423
907 143
413 986
984 522
597 397
589 609
257 864
793 36
577 909
45 908
379 621
875 672
181 479
399 392
793 812
534 349
21 390
266 971
600 713
864 846
216 476
573 810
669 427
580 26
954 947
871 95
977 114
704 726
432 937
142 708
164 900
347 262
795 746
686 725
981 715
690 808
285 196
12 828
751 945
845 396
688 457
873 963
507 205
215 756
808 798
78 692
359 969
937 463
403 359
41 576
320 455
856 697
69 692
588 80
540 915
479 449
209 741
273 878
224 43
277 648
994 394
758 339
316 226
335 311
286 873
456 628
477 962
739 307
633 788
11 975
866 627
581 476
568 681
240 874
974 517
102 320
250 447
71 575
148 616
184 801
996 852
32 725
107 363
111 611
611 555
616 305
176 800
158 720
162 271
900 105
252 520
662 192
519 713
175 835
824 891
966 714
755 805
758 680
121 533
971 845
504 528
245 956
927 858
710 606
16 630
609 681
366 959
405 940
730 258
814 584
85 696
600 852
621 918
822 215
682 554
943 496
557 346
281 743
877 701
824 439
347 354
664 416
512 699
830 333
929 677
840 25
33 55
659 359
167 132
640 328
313 400
80 133
241 540
616 87
9 911
906 391
160 45
269 453
860 834
844 127
78 771
796 506
193 43
319 575
54 232
363 391
311 767
79 579
361 874
433 597
621 252
511 916
437 977
522 553
134 787
17 39
2 405
994 1
758 46
86 984
744 616
807 539
787 564
4 324
66 671
984 390
268 71
344 997
143 769
917 606
365 881
386 22
264 543
960 191
994 219
486 911
13 277
93 103
311 208
115 372
742 348
836 913
589 711
629 198
499 417
524 118
597 536
848 360
253 210
669 561
185 626
461 805
244 395
223 895
495 250
722 74
25 138
451 96
713 277
489 751
96 418
498 445
445 642
720 454
924 530
870 316
764 791
397 880
331 598
224 524
530 714
492 577
590 318
885 962
63 410
697 52
682 800
114 478
631 327
320 609
60 37
485 581
659 240
753 253
883 731
858 199
155 337
446 368
341 6
716 86
296 409
109 319
924 11
304 900
303 190
658 475
633 513
170 257
230 913
217 298
329 416
460 634
908 144
834 427
841 477
160 830
867 305
227 686
246 222
193 450
641 854
179 787
456 652
477 140
960 108
521 525
311 135
81 377
761 112
407 656
357 581
620 205
767 16
382 232
349 481
6 578
283 543
340 740
234 35
323 570
35 174
54 862
310 500
2 957
976 752
974 799
336 607
387 621
165 596
880 576
898 355
34 657
132 899
594 210
831 515
816 216
319 511
301 800
337 13
729 797
440 572
722 46
614 96
393 714
593 486
636 39
970 824
750 659
114 145
262 951
674 47
363 589
627 501
275 456
60 946
646 73
851 765
891 440
858 163
142 664
414 925
552 830
367 935
668 932
148 664
908 740
928 285
983 377
199 302
751 781
420 681
789 544
170 48
62 98
507 145
199 191
682 151
477 569
17 316
5 275
136 478
9 848
818 550
393 497
947 950
14 483
199 989
381 922
790 847
833 35
140 397
714 998
696 357
847 518
740 598
389 662
764 504
857 982
81 992
849 934
633 895
79 974
117 7
732 996
568 637
883 624
353 913
488 744
675 348
842 247
865 62
430 894
417 557
456 21
831 726
873 356
203 47
984 523
271 559
818 551
773 983
371 83
138 464
746 13
672 888
806 995
805 692
378 30
315 680
341 394
372 431
407 185
232 282
584 207
158 38
497 523
863 871
720 511
150 730
155 812
872 714
938 477
149 402
759 551
501 851
33 441
824 412
769 365
760 750
727 437
211 822
695 536
901 393
243 585
321 279
77 754
425 337
523 536
377 478
243 911
61 862
700 665
728 453
48 855
666 903
957 132
26 614
777 486
100 907
429 555
782 81
565 335
658 35
283 490
195 806
89 303
455 681
312 522
991 458
575 523
852 140
675 909
804 751
629 350
50 21
583 381
70 80
696 304
284 635
705 279
11 642
503 770
549 142
435 610
206 291
68 448
33 352
917 283
75 648
903 280
221 971
374 900
654 762
110 317
269 552
55 123
37 732
866 612
280 895
106 433
200 54
110 537
664 997
936 906
132 859
258 650
667 746
262 194
428 222
909 617
646 868
78 170
962 521
724 600
729 966
417 132
932 557
937 989
811 820
388 515
944 147
488 47
416 476
362 520
730 854
682 555
21 379
519 140
816 861
764 867
176 508
530 743
103 787
660 38
575 181
320 663
285 167
214 247
294 191
112 315
725 745
303 327
962 264
949 497
365 10
332 469
631 275
88 657
752 392
659 68
56 495
40 532
27 318
943 260
586 498
942 457
397 352
550 174
952 169
950 884
791 688
450 554
35 744
252 610
790 520
259 464
706 283
818 833
754 828
840 793
605 519
587 4
34 434
678 617
360 970
65 306
526 417
486 674
857 782
911 617
667 29
260 605
376 328
946 108
931 640
933 370
37 269
314 642
150 100
839 904
280 701
268 194
858 886
657 257
130 131
849 537
85 355
232 549
432 423
505 631
586 776
35 2
864 442
851 164
245 637
698 817
291 381
167 662
208 461
300 501
448 993
362 842
627 250
864 152
607 944
849 340
136 202
102 824
90 848
147 267
419 622
516 896
253 884
632 275
150 642
108 844
932 976
185 45
522 84
778 58
212 850
251 828
363 806
52 38
128 347
916 428
114 76
632 497
372 820
198 756
398 474
346 907
758 901
203 782
424 561
762 531
372 859
35 985
312 902
129 720
114 302
665 902
557 752
781 572
123 452
964 758
665 823
761 586
146 132
365 272
147 677
207 541
902 727
541 269
356 725
167 754
550 37
348 581
555 857
651 311
677 174
164 375
374 178
644 953
832 137
743 477
563 547
162 880
696 424
329 129
917 512
115 656
938 557
226 267
10 812
265 861
253 546
823 506
676 962
623 964
973 635
166 655
850 436
559 428
875 11
107 421
455 871
314 777
779 705
11 859
345 949
913 635
275 926
612 861
149 953
421 932
225 291
282 346
339 295
732 214
621 27
370 435
794 305
409 853
399 438
419 300
462 466
298 597
589 469
909 689
932 534
592 591
617 940
285 476
959 994
287 626
786 123
593 171
924 565
214 349
659 448
807 200
8 718
671 425
765 350
533 328
419 872
740 140
850 572
427 277
711 509
710 385
180 123
844 162
95 872
226 649
274 256
338 975
375 488
929 932
523 65
77 606
597 359
448 290
564 144
801 354
195 559
223 69
264 148
429 710
284 207
947 953
530 243
70 824
715 181
22 575
191 648
430 336
714 999
182 817
37 18
717 752
630 179
979 505
725 229
304 655
726 646
911 560
421 874
112 172
455 660
645 484
743 449
818 920
925 916
642 362
221 838
771 18
23 161
979 215
282 109
709 322
835 923
505 348
72 921
944 232
61 479
482 628
547 392
487 485
418 748
277 167
102 132
107 286
223 912
483 831
346 190
374 808
641 381
629 814
701 625
615 653
335 951
138 465
68 18
270 754
382 374
78 79
23 730
928 894
420 192
813 628
974 389
615 680
779 169
307 664
290 470
204 304
834 667
