959 1182
81 306
345 42
193 195
212 345
675 662
428 333
291 586
734 638
690 219
881 879
75 471
175 237
18 19
919 258
395 536
267 815
182 1
644 84
878 456
667 285
411 439
642 551
309 111
777 622
76 302
901 848
91 821
389 742
916 322
590 281
638 896
384 139
17 372
681 887
892 373
716 50
116 956
7 368
797 365
338 73
27 319
594 117
375 89
569 758
814 896
889 28
359 9
363 816
547 482
258 262
706 819
354 668
16 806
292 306
114 455
452 420
610 609
556 485
706 352
264 467
6 23
589 893
718 232
298 256
346 205
403 609
411 764
477 292
430 353
27 219
827 90
302 834
757 277
46 293
397 913
464 574
708 772
472 261
642 256
620 708
446 351
585 548
935 828
570 235
364 956
871 763
587 947
145 175
188 63
275 41
199 879
157 936
827 885
20 738
717 399
14 615
195 203
846 205
408 499
69 820
230 887
485 347
389 279
687 430
279 595
526 753
517 791
104 333
73 481
315 487
801 483
350 756
540 35
554 597
955 134
660 896
916 935
659 438
420 562
192 382
822 426
379 956
716 195
665 714
493 495
46 133
577 284
847 89
548 229
425 789
10 909
606 567
558 429
688 785
689 639
227 508
631 315
354 793
484 856
739 314
153 899
635 704
492 451
420 672
101 159
345 798
880 319
883 357
925 281
391 114
890 586
33 154
453 122
398 160
811 831
149 872
421 65
879 331
750 834
415 704
637 37
97 95
877 438
98 752
98 829
464 336
673 392
599 285
569 410
739 219
558 728
122 351
82 256
479 589
872 850
807 92
490 316
284 447
671 361
825 133
760 443
556 166
794 547
91 945
43 244
349 24
201 53
95 806
23 219
557 948
154 102
913 271
253 613
801 585
149 322
602 920
152 403
605 327
526 741
161 375
456 209
875 802
376 400
894 727
371 539
398 205
296 660
917 839
936 958
482 886
598 424
830 517
398 110
522 644
365 9
155 903
402 705
67 453
275 833
392 802
253 659
290 501
96 916
56 661
657 322
813 593
55 910
710 354
258 611
812 267
864 740
64 956
757 722
958 553
949 430
305 263
484 9
523 2
847 693
894 57
163 354
861 368
477 533
457 349
521 635
415 186
731 741
773 554
460 18
759 440
322 529
146 202
384 320
574 720
203 876
445 71
125 306
840 524
575 576
526 643
541 31
211 901
887 20
846 908
393 478
802 177
313 820
916 40
808 934
155 169
447 747
901 42
728 306
538 806
407 555
582 255
594 132
2 788
769 74
361 112
470 66
558 239
447 954
838 749
36 130
55 603
248 811
209 603
727 178
724 48
777 650
263 622
592 164
327 315
629 668
419 820
549 372
592 417
265 23
609 869
444 495
702 746
922 811
110 949
700 586
465 218
94 612
111 334
923 189
502 571
667 895
312 532
315 512
133 708
63 712
323 99
518 196
832 665
462 68
890 937
845 357
518 405
927 593
716 895
923 42
561 694
831 712
327 945
52 466
850 606
847 560
921 233
737 692
280 306
739 598
819 438
2 498
202 784
278 367
376 858
675 862
919 455
502 772
717 161
9 267
107 251
604 219
10 287
756 873
307 554
336 141
913 264
827 64
132 455
540 945
798 736
488 951
661 235
831 391
746 229
906 562
617 106
699 385
819 76
692 688
235 665
398 842
341 653
921 87
502 308
446 239
66 220
242 834
93 361
152 731
22 762
683 220
759 546
266 748
136 522
424 562
206 270
237 192
188 121
330 252
469 78
235 266
731 39
304 415
12 418
669 347
37 647
508 69
83 174
129 143
311 244
72 744
168 19
746 468
821 536
409 842
504 734
535 197
716 46
838 578
103 539
456 619
480 711
275 36
153 433
41 956
213 667
725 548
536 493
456 669
153 828
289 479
950 532
411 786
36 521
67 565
192 431
455 449
5 582
347 57
633 313
547 821
786 240
127 506
366 21
596 402
906 23
464 782
614 186
556 233
800 631
467 501
802 784
606 673
797 751
597 437
286 110
470 460
313 248
181 791
302 408
353 580
872 9
910 160
539 776
379 351
895 670
718 418
124 614
102 851
697 189
634 814
207 696
20 342
82 57
696 625
287 80
868 463
777 553
766 822
50 135
791 387
346 746
164 176
691 372
90 589
119 594
505 951
621 859
726 461
13 899
324 50
628 212
613 152
506 15
949 831
723 396
663 399
864 670
277 744
635 393
948 718
155 412
80 262
787 489
824 73
959 100
2 875
598 666
435 475
496 823
902 30
40 489
706 557
353 553
631 571
868 661
781 489
332 230
670 376
444 248
548 10
911 118
407 717
659 813
455 90
233 765
192 733
456 107
374 591
557 59
432 896
772 310
425 580
150 524
902 343
483 785
539 476
41 729
145 581
85 948
859 1
717 642
537 911
131 758
772 904
582 92
652 455
833 209
562 945
959 945
795 231
895 278
456 616
801 870
508 323
638 478
463 228
573 953
186 66
129 223
192 886
14 671
795 238
739 383
256 313
90 819
519 902
934 192
50 935
503 284
382 650
518 311
571 11
557 264
413 590
671 888
423 342
548 865
736 738
890 345
274 759
467 63
398 209
692 698
227 22
210 66
686 558
602 284
50 892
90 411
506 610
699 707
828 435
689 431
289 213
820 345
456 385
388 690
234 170
270 813
232 308
725 894
512 848
669 920
916 19
810 317
579 677
429 522
410 588
739 307
649 45
948 663
158 666
243 115
696 316
526 178
862 449
501 605
129 15
610 23
210 61
503 917
593 428
173 371
825 342
882 148
857 471
444 613
110 28
781 524
394 740
520 214
61 767
750 487
137 215
374 900
859 673
126 37
223 148
238 404
17 496
427 633
37 716
225 799
431 908
51 479
604 351
91 377
554 672
188 496
821 854
875 479
666 765
185 766
419 683
753 959
353 402
466 223
263 126
308 476
380 474
640 74
679 352
581 791
779 719
694 867
721 290
663 403
515 226
853 79
568 818
532 483
676 133
694 406
519 838
865 388
733 388
916 350
590 365
348 70
237 70
771 351
853 447
837 378
950 936
658 457
69 918
327 363
897 480
709 66
268 950
228 413
657 467
596 278
755 671
865 366
69 370
126 936
904 628
370 711
570 584
939 250
607 589
542 671
137 753
767 596
27 351
927 798
894 327
477 784
85 878
139 455
346 46
432 452
195 672
228 863
890 675
476 719
913 372
593 945
686 865
766 912
684 144
735 20
773 188
146 632
319 462
690 668
861 486
333 246
131 473
96 597
119 9
227 96
585 117
243 58
369 35
871 728
351 465
537 506
397 280
26 137
797 483
913 13
643 906
669 762
845 160
919 953
919 19
487 462
93 679
36 681
116 835
483 874
93 574
820 930
923 658
778 204
951 738
205 217
659 791
864 771
228 719
391 873
583 756
674 816
83 178
653 951
897 874
800 735
385 748
576 22
80 585
781 826
134 481
817 286
700 502
675 830
407 596
319 726
81 147
93 952
619 309
861 762
665 745
213 760
384 319
629 635
456 124
310 685
97 302
89 505
681 956
627 258
12 273
262 696
359 891
334 367
251 450
570 370
190 376
798 422
256 790
655 786
316 752
92 29
35 266
338 146
236 761
389 717
304 188
749 124
817 787
761 258
54 540
155 322
746 931
679 791
657 137
142 523
428 610
898 957
596 394
460 359
542 878
921 774
118 617
835 629
349 471
891 644
856 118
262 549
808 740
830 359
825 314
872 57
928 321
527 248
888 508
500 277
869 753
351 302
426 550
755 484
491 842
264 191
290 655
79 840
776 415
603 357
391 444
458 544
643 129
339 126
34 634
691 489
559 759
947 875
831 521
320 686
926 834
865 430
911 636
950 137
63 344
217 929
774 526
550 495
254 145
814 459
687 955
763 852
252 297
346 184
850 600
149 279
526 152
495 682
27 13
74 143
530 774
24 859
564 882
424 561
796 554
640 67
354 430
760 434
943 325
365 408
673 261
558 531
375 171
904 555
21 311
681 425
886 101
698 578
31 204
311 764
397 700
818 262
273 886
494 640
925 152
524 346
574 703
828 903
935 237
885 722
753 115
805 840
284 398
854 643
22 98
681 238
6 232
922 481
699 823
698 503
29 244
471 157
369 680
322 920
123 893
156 495
609 371
663 770
442 209
822 491
477 399
516 894
784 647
689 571
458 584
118 855
46 741
863 923
579 160
762 384
554 77
232 320
553 361
311 212
780 592
690 70
339 12
271 551
10 609
109 531
121 398
367 398
951 153
366 786
154 354
283 950
296 626
702 283
889 42
292 807
483 829
182 631
718 385
365 376
492 410
642 606
222 392
427 150
703 625
182 843
233 112
935 511
401 58
297 14
296 869
746 636
9 280
417 738
273 786
237 481
10 534
867 705
51 595
438 507
122 499
888 199
113 619
632 835
688 279
397 14
448 388
153 20
1 775
57 200
747 332
137 881
71 116
858 600
717 119
812 545
240 911
210 57
771 599
225 561
317 598
150 649
814 462
422 248
150 774
169 946
766 800
827 169
809 486
132 638
709 352
242 668
418 454
935 544
320 815
947 189
436 561
504 315
491 9
918 623
91 365
901 153
198 729
102 335
346 749
502 746
52 641
674 209
404 902
399 790
82 662
804 710
841 596
608 185
151 555
529 471
222 626
666 360
789 388
393 834
862 927
901 480
263 177
451 145
180 625
276 233
548 394
295 725
644 390
907 837
63 772
332 937
207 798
611 77
167 71
893 384
737 306
178 560
934 728
433 748
376 918
898 260
94 237
645 227
567 659
637 931
457 815
872 769
227 801
590 295
111 374
757 185
522 15
766 83
167 798
558 397
328 391
413 803
831 382
32 424
152 287
796 5
442 280
949 955
581 82
107 931
550 405
51 357
490 847
747 413
412 192
556 265
707 91
332 414
87 900
408 368
452 276
254 894
560 802
799 90
769 463
846 571
497 739
71 400
173 29
102 141
546 600
12 157
117 444
60 646
273 936
5 615
72 641
212 706
119 174
843 873
133 244
344 815
856 6
617 285
713 368
510 446
528 89
914 296
544 451
741 919
658 55
717 622
792 83
693 23
139 222
62 174
355 160
356 915
903 109
593 897
27 699
666 551
858 37
954 814
159 625
799 369
214 638
264 505
446 396
564 75
365 77
85 544
263 929
236 954
661 643
236 819
911 225
124 125
201 397
446 287
679 523
775 713
25 952
747 237
453 734
359 909
790 59
35 451
884 11
335 641
376 590
918 642
856 781
669 64
416 607
773 59
724 581
658 881
621 362
213 653
818 801
203 650
70 50
695 320
536 928
807 370
568 593
846 356
938 170
211 66
212 746
793 101
463 772
772 575
228 609
667 374
