1000 9895
12 687
953 255
96 536
445 939
561 962
466 646
588 285
552 795
238 226
403 395
336 166
912 991
821 161
324 911
471 616
420 718
350 907
702 252
377 559
161 6
835 24
791 574
994 678
497 326
618 806
571 912
950 873
549 818
8 38
220 999
268 744
30 987
32 811
566 808
491 398
112 121
580 992
544 182
835 857
819 124
676 467
700 457
223 303
280 623
988 460
831 902
807 125
944 618
710 1
658 996
574 856
588 613
969 418
317 601
926 569
69 40
954 430
141 540
810 989
595 33
358 393
589 515
741 728
372 285
907 58
466 806
72 113
882 414
894 937
984 774
803 330
457 650
613 367
155 779
964 223
270 488
544 985
873 131
485 333
712 287
879 157
664 418
955 613
618 745
455 788
933 586
536 156
167 134
26 822
924 771
599 131
167 279
541 6
688 582
752 393
221 970
402 164
701 448
597 287
902 161
1000 327
912 835
244 70
347 800
664 617
939 484
427 686
134 646
565 418
71 217
458 238
408 823
247 952
515 802
843 145
486 143
575 558
890 92
144 160
342 711
607 217
59 479
645 572
630 106
443 892
193 405
305 883
88 381
71 396
588 570
516 303
280 527
72 977
828 504
300 833
733 53
951 482
303 175
870 246
410 432
897 930
663 671
900 819
732 98
710 766
462 503
686 297
263 130
362 843
988 907
849 331
647 24
201 560
447 502
696 578
34 57
649 245
936 645
224 663
650 415
875 656
137 288
572 763
252 253
949 129
508 87
551 845
953 198
818 740
149 457
647 318
741 47
561 953
212 851
618 698
926 243
587 953
25 872
927 172
904 493
246 630
379 83
416 199
899 658
298 23
389 252
468 667
929 783
961 494
392 63
319 716
142 79
949 325
787 150
811 364
852 624
29 423
195 963
35 822
622 862
398 868
200 939
882 699
359 318
297 119
373 772
523 769
910 195
469 273
714 147
259 463
334 913
72 640
515 798
623 737
442 638
463 164
420 41
739 333
406 12
463 85
1000 895
487 115
469 740
864 28
127 984
745 935
300 918
317 528
727 793
653 150
875 10
312 560
896 693
112 510
165 588
685 261
978 273
574 264
335 188
373 489
301 124
853 575
68 281
159 98
732 800
453 321
768 556
248 125
743 435
729 754
281 353
48 180
84 594
491 688
534 436
133 613
116 803
63 996
42 545
850 904
669 452
110 304
572 313
391 723
859 107
732 283
915 813
354 593
571 569
357 330
367 929
449 508
929 970
267 687
282 660
89 134
128 354
9 965
653 532
57 977
761 613
783 294
255 375
238 515
744 644
809 298
37 17
994 84
597 41
635 362
110 57
991 353
353 181
300 596
191 873
748 90
568 656
511 140
46 3
448 798
93 60
754 854
295 689
887 839
376 95
983 516
827 248
77 870
956 476
12 998
656 384
965 154
640 391
346 490
953 578
36 354
166 997
975 337
867 888
347 168
305 335
768 889
842 550
794 645
281 494
817 236
11 181
15 677
785 846
163 974
59 673
189 850
580 5
543 403
221 839
495 274
105 332
143 182
591 564
243 474
484 734
553 945
471 762
497 27
228 413
156 338
69 927
24 721
734 899
330 589
510 983
60 694
599 367
947 758
34 549
406 537
339 614
362 949
94 284
43 718
448 446
250 6
967 41
491 496
293 10
478 14
99 247
248 539
568 334
696 259
145 3
944 781
576 259
139 749
72 728
52 598
625 316
64 108
709 660
156 564
984 429
415 281
952 715
850 490
409 208
852 108
304 394
785 349
35 266
719 252
810 696
480 75
443 49
338 169
260 566
35 876
129 322
274 877
408 263
180 811
129 499
37 730
385 105
258 281
704 329
306 557
847 981
850 46
614 95
427 771
618 18
584 158
873 667
239 238
168 677
333 85
427 912
45 353
584 237
949 928
585 308
894 270
219 18
419 628
498 487
561 771
410 785
603 392
911 499
713 600
953 169
94 813
459 400
405 538
483 278
46 804
548 622
219 304
937 765
4 716
26 900
191 190
2 494
579 193
172 537
169 805
854 52
692 407
985 395
895 648
675 774
919 392
612 238
886 965
682 377
324 450
696 193
501 186
149 254
563 275
326 415
701 161
419 430
942 693
106 573
838 378
621 138
735 902
596 312
302 199
69 344
469 606
697 955
607 216
583 43
630 107
923 84
304 551
675 568
123 983
382 864
734 213
865 154
24 998
98 299
425 553
819 377
474 970
537 680
148 848
421 573
707 760
525 439
969 53
382 66
794 424
978 445
294 754
600 503
44 737
440 948
906 689
489 41
954 165
186 11
376 885
561 222
547 927
533 80
94 894
510 595
43 172
371 811
145 354
177 550
470 173
324 330
621 520
199 438
717 53
422 403
542 416
449 279
268 877
82 895
670 260
998 689
289 319
787 40
20 441
545 238
765 523
882 809
369 890
976 302
213 627
118 351
45 804
545 863
359 611
880 330
695 913
311 732
187 978
973 719
649 233
529 323
160 298
476 524
39 546
832 284
575 764
476 203
527 889
697 614
257 561
19 590
334 513
598 422
244 863
828 191
438 893
173 270
727 939
283 754
654 487
822 901
993 489
586 360
273 742
724 111
83 97
339 203
395 877
88 457
337 414
579 251
818 167
489 235
309 528
519 539
828 268
814 971
391 14
336 1000
34 265
126 99
920 474
851 322
214 66
134 469
508 295
884 186
408 29
766 162
242 838
884 297
911 442
604 184
57 427
424 866
522 231
488 105
552 914
664 108
313 130
902 218
726 510
363 574
200 524
73 770
517 817
479 186
255 612
485 533
447 82
640 388
548 821
865 971
437 338
590 392
765 589
886 611
229 528
209 549
629 379
492 326
668 321
373 709
635 158
999 657
251 169
994 371
952 867
916 551
972 350
424 476
227 273
943 431
55 72
761 326
870 736
887 258
186 402
966 151
325 789
183 667
205 347
847 688
903 642
460 744
463 187
447 774
247 528
107 101
678 362
216 31
130 436
973 934
776 510
317 962
377 175
931 858
223 961
793 74
619 95
984 752
163 437
668 642
573 354
754 305
742 423
121 291
763 860
197 158
849 615
97 282
171 639
998 64
249 583
396 644
958 722
444 664
909 578
166 164
665 486
663 567
200 74
798 330
286 126
287 707
517 738
992 375
977 681
668 882
851 444
484 179
447 9
518 212
82 658
930 164
659 478
54 276
189 563
51 36
483 330
506 681
950 722
589 50
312 98
260 258
333 756
336 152
725 722
673 127
837 804
218 148
787 251
593 448
486 496
228 365
356 314
564 199
468 732
658 380
21 426
576 669
564 799
556 611
192 662
564 118
450 850
23 259
762 811
730 269
514 718
109 832
520 67
518 562
106 987
631 991
633 767
30 872
587 29
348 527
652 471
514 528
663 177
666 727
957 468
10 787
400 171
818 954
16 384
897 521
805 128
113 550
802 234
387 379
26 217
615 809
600 254
528 363
616 560
819 284
13 493
396 507
615 424
607 389
684 614
886 324
841 69
948 815
404 845
137 846
279 543
713 3
326 542
297 804
513 276
756 22
258 649
779 489
133 700
408 85
176 305
693 404
203 680
512 443
869 243
45 497
472 695
725 157
370 42
298 799
499 532
976 150
703 973
996 89
946 882
708 853
765 260
158 434
878 93
989 860
501 598
356 335
837 792
307 773
330 622
441 719
939 312
173 980
804 842
470 322
317 469
469 138
326 269
649 204
193 216
421 504
599 5
445 482
636 987
718 989
554 834
937 90
666 696
596 313
502 364
969 329
970 18
443 667
438 516
205 775
222 895
109 505
746 637
378 665
434 855
759 356
595 368
559 405
857 557
110 879
680 18
628 744
277 364
900 560
468 505
822 728
93 916
903 377
264 968
840 295
215 726
411 875
698 828
805 760
836 194
180 558
154 605
780 953
790 673
337 910
375 882
87 62
803 761
287 552
788 3
24 240
977 190
920 659
73 457
379 228
787 333
720 216
378 436
30 341
569 5
700 873
282 702
190 31
817 759
602 71
481 534
852 515
579 845
545 237
886 806
83 951
854 192
288 225
952 840
916 995
467 325
565 388
678 109
383 249
524 579
782 959
83 258
925 909
286 677
700 499
494 924
265 834
987 857
382 157
809 285
828 47
373 326
547 401
535 144
793 817
461 739
818 164
486 62
253 769
879 573
291 60
421 929
159 253
785 582
594 206
188 515
906 850
444 757
374 882
125 440
1 96
42 924
6 243
98 880
941 460
103 481
659 743
487 902
595 825
950 469
792 51
298 836
561 842
981 577
637 63
803 661
822 147
346 72
988 655
641 499
811 142
479 788
356 33
364 126
103 852
877 641
933 703
401 486
474 180
583 931
792 209
337 660
838 884
497 973
609 800
683 89
652 1000
105 513
105 61
414 675
273 829
937 470
976 380
631 212
887 78
669 951
569 622
401 145
322 437
680 543
200 969
645 207
688 69
908 567
502 138
750 720
776 129
5 561
639 428
676 442
204 663
65 735
5 578
283 288
126 448
813 656
961 933
780 479
378 721
344 929
759 528
865 459
197 12
537 359
420 301
352 107
996 780
620 956
343 679
883 402
811 657
810 996
275 356
304 93
827 107
676 546
84 25
672 892
984 487
475 53
178 98
116 769
544 939
137 668
534 576
194 599
102 884
358 706
452 259
489 725
375 195
497 815
72 331
501 942
318 684
764 996
237 932
439 692
868 794
760 643
877 724
949 199
842 873
536 20
105 451
143 33
575 941
4 889
47 965
404 589
146 406
440 135
533 674
833 368
65 238
428 856
584 542
921 981
683 210
795 956
373 728
669 253
342 490
914 34
787 208
952 266
189 246
27 199
869 628
672 16
636 833
341 427
311 519
517 488
562 707
501 181
891 885
255 75
438 569
351 548
923 175
193 398
636 662
785 337
849 791
905 761
690 65
448 892
588 608
723 251
120 932
796 629
639 55
396 331
810 841
371 277
334 395
427 615
260 499
68 339
647 641
996 695
135 795
950 192
241 658
613 394
794 372
903 58
137 559
748 344
293 805
132 613
889 652
267 954
782 381
437 70
369 272
906 223
746 414
860 394
962 342
212 937
907 763
142 852
989 859
655 158
17 734
700 821
902 973
407 481
818 362
820 78
342 798
91 538
809 731
863 424
846 670
236 132
311 762
296 305
903 918
425 83
855 709
550 957
880 447
402 325
795 166
299 983
84 167
286 831
890 473
105 900
2 366
187 662
118 898
231 353
69 326
865 303
259 242
776 296
260 601
465 985
529 16
435 469
541 873
546 821
809 433
224 255
865 685
887 25
361 314
873 301
40 257
872 842
615 50
637 726
20 690
167 573
641 442
127 613
385 228
150 420
387 786
500 681
450 386
508 140
419 389
521 685
216 891
12 524
343 34
642 951
681 843
99 518
975 553
851 631
188 264
285 101
860 511
704 787
48 727
379 231
688 832
77 852
263 579
492 461
792 357
485 950
786 895
924 401
697 424
591 780
647 622
91 489
407 16
421 185
243 803
635 101
782 98
161 596
914 106
130 541
22 535
726 783
451 971
365 413
582 524
299 164
815 79
142 287
736 762
385 325
900 335
938 646
729 315
753 868
14 725
531 493
738 59
154 472
282 21
987 953
800 973
454 383
97 18
830 746
746 737
840 614
947 394
165 585
205 524
442 206
850 323
310 804
546 712
110 763
576 479
614 315
764 652
343 371
514 29
861 498
427 828
248 449
107 596
56 674
509 984
183 283
684 476
98 881
730 558
474 480
314 329
959 315
892 746
83 295
938 482
495 507
66 297
708 136
944 851
826 351
699 967
955 561
533 505
81 492
638 728
659 309
255 828
493 119
78 563
405 705
22 33
119 221
657 692
824 227
721 301
460 215
582 814
564 237
964 583
568 232
786 867
539 894
248 804
283 231
321 548
74 672
360 180
523 721
484 563
105 802
697 678
91 755
829 417
867 114
549 802
161 993
477 839
978 940
886 45
355 439
668 501
718 794
648 348
795 31
928 492
912 929
89 752
128 736
515 908
19 733
4 399
203 837
83 398
871 409
753 570
862 356
391 361
953 801
448 896
233 430
639 18
693 875
620 957
362 93
173 251
185 572
992 188
224 22
41 979
486 170
879 705
974 239
922 330
483 688
12 502
452 253
110 497
20 985
149 187
371 967
23 726
878 46
600 719
688 18
779 173
944 641
463 363
132 529
738 980
891 490
952 342
30 823
369 452
901 355
904 473
977 133
261 196
688 368
51 528
512 14
414 691
740 172
77 656
640 354
329 807
915 40
863 294
185 331
403 508
976 458
668 304
337 512
602 60
895 657
342 251
806 130
661 645
973 435
498 533
562 926
834 91
929 821
237 376
868 138
169 232
303 125
696 151
346 528
259 507
687 987
545 600
911 739
273 203
204 549
562 339
675 944
303 851
253 644
108 137
236 470
495 699
596 150
385 917
121 114
321 624
412 937
344 783
735 845
315 158
615 811
448 893
505 380
698 597
532 953
866 799
761 51
482 532
466 113
709 435
628 261
296 688
948 984
185 600
651 343
449 851
785 525
723 329
746 106
908 70
840 235
745 303
534 371
803 334
737 470
354 818
869 241
945 673
401 643
287 826
39 145
321 896
30 492
380 113
471 298
811 201
795 716
333 261
975 874
337 834
545 485
199 348
786 74
494 360
625 242
264 995
857 292
341 251
588 140
916 215
761 704
555 625
227 252
172 683
85 134
624 632
364 835
772 490
369 851
407 337
304 926
194 286
94 255
78 948
743 726
765 795
66 836
182 834
240 95
458 234
791 828
652 614
164 344
572 401
368 243
297 313
338 471
526 426
106 587
857 785
750 748
108 237
683 765
614 675
173 295
418 590
933 381
595 370
460 897
154 116
213 727
839 903
328 319
201 55
719 221
903 490
191 817
895 444
222 558
899 237
874 249
136 762
126 74
326 632
607 665
3 551
352 131
832 669
409 892
708 352
695 106
957 811
964 25
932 767
108 238
980 739
955 423
13 71
171 500
579 499
200 858
449 714
17 782
676 587
898 733
648 696
253 312
190 291
185 417
281 886
142 817
308 89
66 352
366 339
683 127
756 607
647 728
191 300
764 98
303 358
674 854
786 892
806 379
790 860
518 335
433 649
147 827
701 480
145 488
913 272
395 177
878 873
792 691
136 439
190 718
730 451
169 633
827 679
478 197
635 322
801 532
715 490
346 739
331 485
867 311
844 934
66 403
761 137
533 731
516 271
455 973
918 431
701 789
831 986
945 323
175 434
932 95
770 110
617 603
871 90
451 407
70 447
842 300
680 159
737 82
684 703
22 434
922 196
816 335
376 182
111 385
909 970
676 255
987 406
901 842
885 507
300 71
250 834
388 172
456 221
537 84
756 72
6 241
409 713
196 135
961 540
3 801
759 936
791 286
319 219
727 206
885 654
816 907
265 155
475 615
215 907
518 377
534 517
95 689
780 701
565 945
786 958
623 111
327 354
633 225
535 751
310 596
406 791
794 865
865 120
87 290
517 847
317 313
134 401
907 915
324 807
662 41
433 693
804 908
40 977
125 763
688 657
321 984
48 816
269 152
130 766
916 897
922 578
777 349
312 840
212 422
585 644
303 969
565 486
791 868
944 869
374 502
856 113
857 984
74 18
735 987
720 768
481 508
83 288
980 18
999 854
395 940
13 117
737 803
98 383
944 579
317 991
818 452
734 144
537 756
80 941
455 838
115 913
462 230
124 961
822 646
344 705
639 673
810 994
430 868
763 974
361 386
125 489
417 400
988 41
129 4
521 778
685 7
278 679
944 399
418 58
607 870
284 983
125 203
508 181
224 846
703 756
979 628
138 60
11 262
414 193
162 166
484 13
180 262
381 387
479 778
212 919
557 95
866 710
532 194
789 733
204 19
578 256
320 560
47 967
308 17
521 160
773 871
372 920
485 647
35 916
553 599
441 545
535 731
174 553
265 371
925 672
930 726
53 613
844 304
353 267
868 446
246 126
527 781
360 749
500 730
222 247
465 866
849 900
170 137
577 437
524 660
232 898
487 38
788 865
794 190
979 246
396 502
714 73
608 732
571 448
610 422
701 861
154 376
559 355
303 545
254 17
573 387
975 19
283 989
533 391
456 55
242 600
378 794
742 405
4 619
950 198
719 911
988 956
974 123
985 930
712 38
439 613
539 71
582 671
730 855
863 982
21 645
557 339
63 30
926 152
927 609
551 713
273 584
792 156
298 941
264 789
599 41
692 381
547 594
587 609
86 860
422 506
64 90
764 95
198 890
899 714
21 968
540 808
434 447
311 839
592 231
238 11
632 808
642 30
509 159
393 418
359 635
714 582
871 412
481 745
356 575
752 364
71 212
203 420
886 251
500 418
706 277
555 154
378 962
883 867
131 16
994 24
407 935
6 696
767 317
531 467
92 747
5 920
420 476
250 363
487 434
74 189
441 817
638 437
895 46
353 979
463 402
179 587
720 881
803 984
365 908
293 715
281 31
154 791
174 338
384 272
125 961
718 639
707 538
805 741
242 719
404 66
785 688
335 618
873 439
301 838
910 844
276 4
519 456
777 569
246 830
979 703
564 727
46 618
306 815
851 964
462 666
923 900
138 244
674 2
587 815
823 743
555 269
612 330
295 14
393 2
507 428
894 520
755 322
593 99
901 442
522 33
708 948
216 522
802 273
17 559
569 10
233 314
334 402
962 971
372 929
10 460
167 310
759 440
900 927
778 745
891 96
907 967
378 149
806 157
717 996
60 489
61 896
812 952
661 813
938 866
904 46
958 353
126 713
221 715
117 266
190 606
924 200
142 80
974 682
500 309
338 440
639 282
640 774
771 60
278 92
992 115
163 268
436 616
779 630
818 208
31 781
417 681
182 156
898 88
936 155
421 989
245 313
852 279
46 458
305 124
645 846
978 413
872 936
764 654
374 871
343 269
667 512
439 798
900 796
188 542
45 131
376 806
799 46
181 451
55 302
719 839
498 329
372 338
58 225
372 449
854 581
432 822
894 330
822 231
695 367
24 160
928 566
102 681
252 30
208 92
685 742
266 308
712 348
696 833
489 581
110 23
371 553
392 226
825 140
203 800
275 175
497 451
777 17
216 405
877 928
611 268
725 284
446 279
431 417
531 79
240 186
374 213
360 611
770 668
990 995
212 423
178 211
285 685
217 271
520 58
616 451
857 991
107 200
895 819
178 53
897 545
933 419
537 586
937 970
849 808
124 364
424 141
260 531
173 366
619 194
895 17
996 952
546 891
32 705
987 727
183 42
274 770
480 19
468 771
230 67
490 148
439 205
484 458
283 865
361 385
588 658
219 879
145 896
422 896
28 987
124 672
965 278
234 288
452 255
180 368
310 245
444 779
85 827
436 651
662 393
556 132
133 725
600 832
986 345
659 629
55 720
1000 826
989 707
632 448
690 800
678 669
329 739
225 136
480 812
411 874
854 434
752 532
290 549
409 619
8 462
246 290
490 880
933 946
316 916
635 190
272 922
290 775
740 932
53 612
293 53
611 6
13 182
490 677
911 749
148 931
278 314
523 67
720 201
140 319
74 55
115 673
316 472
889 394
599 36
356 969
680 939
537 550
476 278
666 322
72 955
344 896
975 109
841 73
698 962
880 929
516 599
710 66
22 392
336 911
858 780
514 80
879 630
917 405
955 78
233 170
309 709
275 823
779 493
907 48
675 44
751 281
556 217
741 339
255 932
547 998
965 411
310 832
239 90
901 675
405 948
264 568
335 187
837 593
87 22
317 668
318 478
764 890
734 838
350 591
846 848
284 329
94 560
39 497
463 741
579 196
928 348
892 133
345 254
33 924
492 379
976 424
170 499
82 141
355 53
561 706
821 816
109 254
810 35
369 849
632 809
741 305
790 656
749 447
397 490
572 472
995 963
909 399
745 766
252 1000
862 113
277 549
140 778
389 727
545 513
433 303
362 479
550 274
116 273
888 746
528 331
710 103
268 206
396 411
131 463
951 331
55 182
809 438
171 925
652 164
875 949
106 406
870 232
608 967
419 168
168 616
614 237
427 725
522 475
746 61
875 723
567 57
657 875
295 346
243 93
499 199
889 595
484 273
301 837
91 401
932 761
3 711
336 280
890 915
210 257
138 98
410 719
674 400
627 112
426 313
985 558
324 427
971 591
663 857
778 37
228 124
802 447
273 555
42 504
171 148
13 681
285 132
323 465
308 91
660 944
184 105
540 670
133 80
825 224
424 711
230 959
137 230
212 686
213 83
434 416
181 757
240 159
386 543
619 669
691 312
599 387
640 586
329 479
579 683
866 302
79 559
19 499
28 255
820 323
472 497
41 124
785 109
500 310
502 332
250 285
107 124
573 757
678 323
990 177
85 648
558 789
444 333
415 476
608 534
491 874
496 516
211 27
747 61
38 599
742 368
727 644
680 129
129 397
223 933
455 668
798 433
305 204
662 128
349 667
405 153
300 65
374 886
881 830
954 66
189 983
393 754
286 7
417 212
807 483
958 533
741 363
744 385
59 556
323 30
513 114
938 481
497 791
974 291
261 348
360 25
287 520
298 979
372 736
856 793
104 30
232 83
716 317
710 247
5 232
63 422
584 738
674 777
512 212
839 785
578 429
706 150
835 294
915 855
243 453
470 287
878 392
570 953
274 10
477 561
369 136
939 260
304 969
142 702
216 261
416 967
71 121
357 751
373 881
66 795
85 45
75 203
460 519
363 760
844 669
335 346
942 758
999 963
247 638
857 990
641 793
700 316
829 128
670 944
483 156
823 422
644 811
884 688
636 765
692 575
693 907
206 289
1 388
553 215
480 165
46 116
193 704
966 453
219 576
456 398
720 939
131 662
167 147
867 640
7 379
871 120
940 767
233 316
140 856
415 214
868 108
441 431
426 27
405 76
633 323
471 223
771 983
120 217
214 551
594 545
367 15
133 579
987 146
328 821
612 557
404 490
404 881
758 936
294 425
884 441
778 106
925 201
543 302
979 45
612 259
940 266
691 948
410 985
327 420
787 393
54 408
916 355
204 13
324 158
730 69
967 880
734 901
863 291
593 315
242 299
172 706
322 243
855 991
949 278
296 458
43 695
484 579
412 480
401 113
849 617
499 882
578 83
86 378
397 453
297 177
493 882
835 689
50 299
320 499
424 76
98 63
596 290
45 612
774 955
420 617
518 849
771 899
47 347
767 488
358 201
679 678
885 125
652 306
301 412
817 900
508 672
125 766
93 26
40 410
580 540
819 656
857 581
987 474
844 837
334 399
63 759
581 118
512 899
732 230
823 217
582 323
708 271
193 974
638 200
979 779
423 380
851 257
50 544
750 625
676 892
38 669
950 622
558 263
455 401
686 429
279 873
345 513
146 562
437 209
686 156
205 21
145 137
931 407
446 144
983 475
911 366
664 425
792 158
208 37
116 694
209 380
48 702
341 791
937 624
77 829
743 924
708 993
936 539
398 113
664 327
132 165
738 667
578 405
691 686
583 644
565 137
470 327
133 451
8 122
268 564
860 970
161 999
922 521
406 686
652 658
835 540
178 777
236 23
757 979
117 308
27 84
209 841
528 543
503 555
765 820
234 426
307 452
866 164
882 624
79 872
869 886
545 512
508 998
784 666
236 309
370 963
745 789
662 808
918 390
595 375
514 275
534 214
240 542
277 375
704 141
188 790
10 530
487 172
575 997
309 518
220 103
112 600
420 353
171 557
429 493
451 333
733 191
880 605
296 574
595 194
478 842
709 182
887 720
399 602
758 653
431 885
219 199
917 138
815 979
931 554
824 638
417 46
150 666
82 708
708 144
431 587
507 305
90 203
595 638
445 635
997 190
545 277
704 691
232 120
217 708
509 628
702 349
613 110
506 746
858 71
57 220
25 545
392 87
484 805
503 203
307 868
159 783
164 699
437 745
421 212
259 649
920 717
669 942
707 263
545 224
892 281
325 648
87 633
159 924
18 32
691 315
982 270
584 937
271 487
479 256
907 674
174 726
984 222
360 664
54 468
295 661
800 659
507 70
822 893
805 97
41 140
334 523
886 116
135 558
155 148
853 373
356 819
70 1
866 992
266 698
982 970
70 144
115 521
336 810
179 458
17 484
32 679
733 481
629 48
888 374
67 571
733 18
475 270
438 182
42 871
560 1000
104 564
984 568
515 336
367 389
386 388
7 52
923 727
725 735
379 603
337 734
110 473
220 361
205 507
172 4
879 399
293 872
115 498
372 451
814 542
565 668
197 760
664 195
793 481
619 13
690 939
584 442
547 782
833 379
938 369
252 399
489 587
661 395
545 418
952 412
539 652
77 709
134 404
178 540
644 321
296 495
995 175
961 451
84 406
696 16
660 683
916 541
140 884
539 347
613 582
292 345
703 234
801 565
35 569
421 268
26 348
409 332
896 842
899 81
884 689
581 383
728 989
88 316
253 990
148 606
663 393
26 126
521 76
690 41
533 833
12 61
50 840
842 252
202 671
392 276
941 248
836 978
733 118
201 349
516 524
684 670
334 35
512 599
316 885
71 768
220 478
516 659
77 323
993 858
99 791
371 90
558 498
183 379
188 659
86 610
950 27
515 500
972 583
928 741
211 995
750 596
181 199
767 926
542 192
108 908
843 579
110 70
310 900
5 186
246 518
912 952
513 144
859 253
460 96
297 64
450 906
177 834
643 841
551 112
365 29
438 597
762 595
835 261
324 774
135 384
421 236
593 331
501 414
265 368
854 146
782 175
783 146
606 467
273 941
888 788
243 799
317 184
972 386
288 302
751 639
60 258
151 181
557 978
579 550
122 71
529 269
711 29
783 432
622 648
682 293
792 797
559 153
407 924
563 218
526 466
875 284
748 38
469 579
622 635
273 344
771 489
934 919
944 915
546 955
670 941
378 655
105 195
883 678
69 402
432 342
676 185
469 677
589 840
279 420
967 95
693 986
69 16
625 736
148 481
149 904
252 179
475 374
77 406
277 52
560 944
870 93
449 855
467 132
879 938
825 556
474 642
637 303
655 688
438 408
278 561
985 935
547 1000
654 908
717 296
348 641
647 445
104 953
52 365
323 217
52 441
459 393
898 489
206 646
190 267
356 23
216 642
432 591
553 773
730 802
579 57
380 252
185 506
4 858
811 90
194 120
412 39
177 878
678 782
783 143
6 436
438 989
213 601
669 969
877 102
902 593
49 849
817 943
806 61
792 603
117 642
249 378
377 301
490 628
252 635
886 254
101 926
389 580
359 346
376 766
786 472
400 163
809 9
331 509
282 139
355 499
723 956
533 512
407 785
502 401
183 846
426 961
524 778
379 995
571 481
224 244
222 899
665 550
353 976
617 611
768 619
439 134
704 972
628 751
83 168
448 635
413 999
451 332
223 976
194 758
513 330
951 152
718 189
663 516
797 870
975 278
98 870
979 723
913 698
67 410
5 115
17 881
968 175
402 685
262 961
284 649
621 624
510 339
180 330
931 434
314 825
25 547
462 520
636 339
413 476
414 943
62 870
848 419
351 368
208 2
579 21
872 41
273 698
337 563
191 296
303 354
480 454
952 112
754 132
597 330
337 588
627 607
847 790
424 344
354 137
961 407
138 646
178 859
514 769
736 913
570 645
41 465
577 167
759 219
875 454
105 986
87 862
697 766
628 790
870 767
9 540
253 727
379 751
93 270
173 502
924 338
249 112
680 982
383 453
149 637
886 484
302 85
568 619
738 167
666 440
624 258
664 665
585 185
261 646
337 288
121 505
513 369
949 553
839 645
111 786
44 169
91 311
598 980
965 319
440 710
760 911
956 641
534 319
909 515
135 288
432 809
821 257
471 392
972 691
310 782
663 782
637 57
590 241
523 264
266 163
398 801
308 138
401 472
823 629
556 848
543 618
38 504
288 321
986 21
350 916
449 101
711 389
625 237
122 120
811 307
374 185
503 351
161 666
53 412
327 13
293 397
518 702
839 118
491 268
551 258
984 830
855 648
658 68
143 572
19 514
97 998
652 554
991 901
66 571
784 754
52 634
645 491
637 853
321 623
340 445
842 27
221 462
728 180
278 127
317 987
74 240
324 942
888 292
142 586
177 249
50 841
197 246
328 379
862 760
671 786
233 290
396 300
765 44
76 856
741 602
779 373
396 643
626 650
326 580
827 97
153 402
745 296
907 9
50 570
418 54
868 546
760 939
334 194
510 665
764 627
360 345
309 384
884 276
635 646
851 581
124 385
8 527
915 992
823 699
920 74
439 690
522 918
959 427
997 100
713 565
860 444
517 909
459 381
977 248
212 915
854 326
322 47
394 480
903 569
473 584
994 605
422 466
744 44
53 222
489 642
655 49
824 115
511 647
38 29
169 834
385 909
351 110
722 878
762 707
283 198
104 425
468 842
605 313
754 351
781 460
286 954
161 535
843 31
570 701
114 593
334 934
961 200
981 133
404 528
442 591
544 207
775 515
70 63
217 409
715 438
974 737
995 646
835 977
325 131
630 851
258 92
194 210
140 24
141 305
92 289
534 200
185 490
305 40
268 180
58 352
597 521
675 499
180 819
107 757
89 866
422 848
607 492
300 116
232 632
802 978
729 818
607 817
223 780
477 215
29 707
11 120
770 122
607 838
168 685
722 236
262 75
210 280
211 529
360 437
941 830
572 121
815 588
265 421
120 469
181 798
115 346
388 900
467 901
46 812
930 195
787 310
806 630
845 468
976 141
678 819
618 734
33 204
566 342
511 581
458 595
39 498
540 693
781 701
433 791
851 204
789 622
960 544
194 488
602 29
369 854
995 230
226 554
764 313
947 843
201 621
769 771
493 749
35 111
886 844
687 789
501 226
230 992
212 363
26 743
658 125
576 926
630 321
855 905
101 925
338 577
209 847
672 417
1000 622
929 566
792 476
810 467
350 424
960 492
83 367
602 593
987 965
269 958
731 895
400 51
348 665
325 34
61 316
83 476
607 642
672 655
526 350
633 343
658 942
987 506
718 710
511 332
583 488
144 71
254 422
789 409
572 31
738 371
462 179
546 711
837 109
231 978
713 87
934 749
153 40
106 8
324 199
966 658
93 798
885 482
392 831
814 806
318 524
889 592
431 887
324 485
555 611
828 565
440 561
650 309
543 450
267 847
271 783
458 770
720 433
777 910
157 180
327 740
533 457
191 117
660 972
248 91
424 940
940 460
488 275
34 643
811 441
729 623
307 870
308 469
754 133
113 11
835 476
123 478
910 430
307 151
683 784
892 394
865 754
277 868
994 470
305 603
892 505
44 832
501 119
156 854
715 481
933 58
3 61
757 806
84 48
32 987
883 752
844 602
614 576
636 724
785 140
469 747
936 240
448 954
896 654
662 933
184 996
757 489
851 108
234 22
666 91
119 881
212 56
353 168
325 270
383 536
167 735
349 664
956 416
724 964
608 85
806 47
185 772
115 71
833 944
465 20
674 320
604 1
238 259
663 920
190 486
210 480
711 832
125 147
220 649
901 760
759 596
850 784
688 251
530 658
233 786
751 48
608 290
203 966
315 980
355 771
321 407
877 730
7 945
328 415
561 557
877 779
937 590
76 46
228 369
221 460
346 740
331 120
422 343
100 779
139 909
14 127
142 48
679 379
783 297
970 480
240 13
243 946
246 23
411 206
179 90
165 979
238 763
399 7
355 445
878 971
662 756
44 699
687 35
690 197
303 810
619 946
201 912
974 565
830 569
961 958
107 490
303 962
143 834
610 415
149 769
650 806
813 282
300 883
282 482
620 200
131 667
303 344
608 787
520 713
48 250
180 975
93 838
556 354
651 190
210 162
543 100
999 358
286 215
786 829
452 251
883 185
612 601
993 969
741 315
251 547
250 978
69 894
682 683
534 728
349 926
650 461
103 659
141 946
937 895
722 299
885 877
690 845
316 556
566 216
381 414
440 432
593 30
25 538
284 353
324 610
437 269
185 476
489 881
812 719
768 301
588 358
950 581
790 942
989 993
369 216
137 892
501 451
52 27
470 318
455 46
972 148
441 548
740 392
201 624
103 229
882 873
802 238
69 585
441 933
847 638
938 806
795 211
668 67
639 712
776 852
666 684
559 155
541 636
894 21
838 422
144 190
52 607
718 888
956 949
749 782
387 466
226 342
273 989
66 655
107 57
633 362
598 593
267 265
838 64
72 959
20 583
546 627
597 679
748 341
182 343
755 531
370 527
340 920
392 949
689 129
118 613
163 38
970 698
297 812
962 890
48 230
141 611
127 590
367 447
573 608
40 938
758 676
870 34
858 554
486 475
181 263
219 252
898 465
849 357
777 512
92 780
387 844
231 621
38 739
718 65
8 594
617 82
747 723
513 959
932 935
94 794
955 526
99 608
545 270
787 827
54 456
475 677
462 605
652 686
428 533
820 823
215 831
679 76
721 222
460 134
977 884
118 430
134 451
530 508
827 669
705 866
185 842
262 551
605 969
222 299
705 787
448 815
464 623
622 840
473 215
365 289
259 332
445 393
505 230
36 698
308 647
130 675
536 674
921 724
210 629
528 530
213 782
867 257
575 592
815 33
875 250
418 432
531 470
519 861
818 789
27 887
157 956
853 719
98 41
586 458
680 907
19 795
540 399
893 611
701 45
684 578
978 291
707 739
638 265
558 910
14 909
770 55
831 340
148 391
458 830
738 483
289 315
324 192
689 379
954 315
900 307
331 904
148 461
390 479
375 695
157 480
927 12
436 553
715 878
555 725
96 158
268 488
225 510
723 363
500 688
46 764
31 360
453 518
493 473
720 547
862 866
918 944
81 223
86 680
633 789
695 262
474 390
312 341
664 234
214 339
128 118
409 529
785 245
786 709
966 863
261 245
933 437
950 739
509 625
57 112
426 71
268 870
488 276
497 474
562 894
471 554
7 708
265 317
570 528
574 120
186 793
316 856
575 133
835 620
449 185
614 543
382 713
934 485
35 689
491 435
628 784
517 297
41 96
294 658
80 522
619 959
947 68
586 268
749 304
576 874
84 793
762 77
738 190
862 480
477 30
942 440
35 380
400 943
370 885
5 776
889 55
652 245
177 211
586 113
97 388
874 180
358 109
426 709
906 715
357 811
653 366
158 788
965 172
606 662
242 669
685 29
284 858
270 797
703 76
864 192
665 17
405 790
409 723
30 253
698 75
293 789
461 223
101 8
506 952
967 725
533 123
294 385
591 437
594 379
63 858
102 674
954 787
521 428
671 807
712 321
737 255
39 36
77 881
647 677
172 587
893 399
56 84
345 58
517 218
259 742
276 712
170 439
456 792
866 351
995 33
190 797
928 102
252 590
92 795
985 228
179 93
41 92
494 870
407 117
501 74
339 803
377 84
307 257
291 900
623 783
383 106
130 919
910 386
429 878
305 800
35 395
509 448
588 741
554 917
540 320
391 310
763 521
550 681
774 765
887 936
657 309
735 628
940 668
814 125
597 627
598 788
176 222
537 280
935 542
633 327
376 216
569 943
641 447
332 515
298 639
374 854
909 633
589 485
367 11
923 805
690 616
820 655
70 906
609 664
132 649
155 824
46 727
578 786
472 676
327 542
368 981
220 622
353 557
924 620
376 660
910 555
441 372
642 745
904 448
797 395
516 918
928 454
181 998
570 699
38 817
705 532
940 405
501 633
638 590
494 454
871 898
468 741
360 934
731 681
853 246
583 813
450 683
217 85
626 272
729 41
150 554
492 65
424 417
779 780
958 290
981 131
839 229
696 269
182 744
753 876
93 451
17 54
683 633
135 738
65 290
156 671
876 110
257 711
919 34
631 756
690 230
672 357
468 264
434 936
54 577
334 753
761 75
637 1000
746 312
430 196
748 455
126 375
741 922
634 298
463 388
836 930
158 690
305 46
944 145
827 161
997 625
656 87
159 44
144 379
435 780
954 292
359 3
115 224
477 409
867 817
908 373
180 355
167 742
903 50
284 898
585 337
287 793
695 140
399 499
936 517
646 848
900 316
58 162
119 463
449 743
357 470
251 703
538 662
586 732
789 793
424 803
426 209
228 69
781 985
16 420
251 812
68 686
881 693
73 880
789 650
284 705
119 237
801 84
826 385
886 561
178 466
961 366
587 920
752 565
534 801
5 445
892 241
360 898
344 263
8 766
218 480
570 637
97 721
540 853
916 638
946 476
105 850
408 915
984 198
321 519
325 946
970 313
53 579
165 25
316 324
60 289
577 73
886 253
819 52
765 816
363 144
562 366
355 500
191 858
359 420
198 98
836 736
139 400
467 127
654 273
123 993
707 669
296 885
420 286
149 824
101 607
648 394
550 576
349 257
760 269
966 656
552 356
702 954
918 855
701 605
560 863
462 83
585 508
489 23
71 965
42 929
121 341
480 318
337 219
375 551
158 987
909 641
812 76
542 893
798 139
162 121
401 727
73 562
312 342
755 42
77 106
337 901
712 215
363 901
898 724
190 298
363 786
324 532
109 298
989 774
533 937
322 21
786 996
15 42
365 81
510 906
114 467
482 367
355 967
172 759
356 276
437 757
41 308
243 698
464 701
925 320
268 581
51 367
624 667
147 832
830 199
904 459
65 95
234 111
783 215
281 918
97 622
579 594
653 711
800 133
92 935
837 483
681 134
95 316
635 347
909 430
588 883
854 784
809 106
848 512
904 818
247 518
196 532
213 914
406 545
255 11
406 27
27 707
301 480
672 801
527 662
36 147
222 610
337 404
858 862
239 485
974 872
262 356
724 855
54 986
366 984
292 987
556 376
757 265
922 382
11 53
853 806
267 143
810 205
142 192
827 439
43 484
315 667
871 902
509 833
863 886
115 502
686 489
930 39
401 691
988 785
402 652
242 975
298 845
744 277
513 998
364 574
238 99
185 85
793 406
673 248
674 147
358 904
877 888
787 368
592 1000
830 310
557 550
1000 93
903 978
859 258
200 645
184 10
761 784
869 357
262 605
411 821
13 601
506 381
234 940
611 306
977 972
230 844
998 986
71 116
626 493
681 376
7 327
320 192
995 945
562 724
84 368
965 553
268 703
978 932
979 389
202 809
745 126
37 151
956 915
518 878
435 540
780 321
647 99
35 394
843 291
993 402
371 482
44 580
35 283
608 567
952 681
992 854
315 251
27 687
598 698
433 84
417 591
434 743
795 81
900 984
776 710
689 155
289 629
310 429
572 944
519 78
375 713
447 716
11 344
33 520
345 782
418 962
220 474
827 589
663 728
885 472
816 241
120 222
750 606
129 142
239 223
719 801
63 781
376 951
86 614
589 373
241 463
684 79
116 953
483 509
324 334
556 17
25 623
669 302
708 212
81 412
973 248
150 817
800 658
138 793
482 991
749 672
38 822
864 553
114 392
225 993
545 66
341 239
669 10
110 188
826 605
560 404
424 757
99 437
981 831
929 860
142 99
556 597
8 67
818 620
606 28
160 398
269 292
222 476
408 952
61 962
544 484
853 102
601 245
621 10
933 158
539 315
647 844
572 417
402 489
264 410
710 339
127 167
808 215
537 959
934 907
630 26
905 663
795 696
514 409
673 885
553 165
850 481
779 551
619 164
639 169
434 824
580 537
525 392
286 388
452 916
897 801
438 195
655 860
187 65
280 733
978 460
926 692
474 543
997 705
428 60
345 874
716 815
291 332
120 250
910 891
768 848
767 952
428 354
565 177
207 805
927 840
676 712
128 46
257 334
993 580
545 153
444 916
358 630
436 996
453 834
510 653
115 351
187 57
159 752
148 498
898 901
17 580
803 549
271 123
75 330
66 11
406 576
747 896
472 846
271 232
679 223
755 397
630 523
901 807
986 891
21 151
477 628
976 317
62 182
834 183
636 783
657 918
821 939
407 222
486 942
838 742
655 308
895 915
914 142
210 627
97 276
209 844
982 705
658 139
255 385
148 845
990 76
669 521
818 965
434 338
827 625
755 4
576 191
302 61
481 626
661 117
553 129
844 896
115 560
353 123
173 176
433 3
793 803
560 626
244 251
376 51
396 352
323 797
868 263
546 556
547 221
870 103
804 244
201 281
991 870
957 946
962 860
893 820
175 885
571 48
555 727
93 652
667 709
138 413
836 52
820 721
846 101
280 70
419 541
756 274
55 297
745 7
103 725
786 707
552 929
510 681
350 642
152 303
301 754
485 405
347 804
285 329
859 136
997 266
946 780
583 577
714 979
986 61
593 501
981 774
589 591
847 877
37 980
469 195
15 203
740 322
793 439
23 431
51 159
772 69
360 746
172 189
361 816
88 920
680 700
493 607
320 59
526 31
142 484
992 621
442 514
842 183
965 392
657 45
606 88
221 486
519 835
847 342
743 289
581 390
527 608
553 253
991 535
635 671
995 592
305 996
163 386
594 930
847 116
975 35
524 953
301 112
414 273
721 557
206 151
998 83
671 971
768 918
953 562
757 811
23 596
137 541
193 905
451 189
15 548
625 910
81 80
183 274
955 253
116 823
23 709
582 572
395 290
107 988
8 925
393 837
67 122
310 770
574 591
901 741
101 850
318 265
909 328
871 615
591 627
332 221
423 246
560 440
502 597
926 219
983 414
915 166
509 531
111 323
259 970
850 561
981 681
17 524
513 647
808 785
769 573
735 510
661 519
449 354
246 729
13 600
195 653
678 842
660 705
442 994
243 665
62 255
193 124
708 693
105 664
126 818
930 603
199 66
551 425
96 949
84 938
544 473
799 883
838 671
491 256
881 184
654 506
445 463
76 135
192 978
124 772
640 842
131 81
788 853
957 310
818 28
50 242
733 431
515 4
843 435
131 783
850 397
361 360
732 873
788 939
974 986
978 489
83 247
823 243
864 384
776 854
769 179
733 226
978 11
337 145
818 416
361 27
785 681
628 127
885 584
72 465
346 272
842 701
793 343
298 671
104 834
34 117
298 245
483 486
356 120
731 28
403 41
5 165
977 252
834 799
156 311
217 775
980 124
575 20
372 881
178 682
87 478
686 965
519 659
223 142
492 323
713 996
492 157
365 169
312 843
630 607
517 77
580 208
587 441
1 830
355 333
585 680
658 164
58 808
844 703
688 915
193 491
123 598
732 696
624 17
14 666
993 445
810 541
712 515
841 225
288 751
664 678
274 974
576 114
775 690
12 222
698 973
92 428
241 942
757 430
297 640
215 406
327 238
213 61
286 157
427 750
724 904
926 708
710 687
509 38
2 742
538 980
427 895
964 46
250 898
882 403
419 403
917 112
890 902
64 962
357 67
485 158
432 870
984 787
627 157
534 763
2 520
21 284
828 924
557 314
82 730
163 889
949 176
91 168
613 227
389 489
516 819
540 514
336 224
378 423
930 334
448 724
473 393
881 260
862 240
55 979
649 398
99 323
62 85
764 87
124 246
821 136
238 890
640 758
493 856
539 504
186 768
504 719
781 411
415 941
551 369
494 706
577 222
445 390
240 822
325 944
71 204
862 233
830 779
800 234
175 210
514 600
511 106
375 980
978 621
724 377
563 61
14 711
164 208
627 144
974 705
97 147
443 907
460 811
248 289
616 452
480 244
796 572
193 529
712 575
822 548
269 668
286 542
519 636
482 159
89 977
148 386
629 215
504 472
215 442
536 739
117 734
266 196
54 111
515 395
906 820
708 504
671 244
113 626
774 263
423 495
159 49
197 267
565 642
233 937
622 461
841 682
733 972
220 673
538 714
543 351
822 130
627 486
901 273
208 104
411 525
449 370
251 970
622 303
237 243
725 558
764 4
820 790
218 160
256 397
39 402
223 177
649 426
800 842
490 800
821 236
53 274
134 573
969 982
967 199
643 533
56 409
494 623
497 313
812 944
969 935
696 233
536 530
353 474
958 778
952 962
773 700
334 994
814 424
800 246
675 994
452 553
164 357
934 833
545 487
938 652
481 495
524 709
796 866
526 399
909 61
796 913
139 446
636 720
197 396
201 73
588 595
974 588
649 721
858 941
162 612
948 891
76 930
224 149
742 363
598 783
747 195
179 687
901 800
991 616
44 279
746 905
984 574
694 377
970 753
954 218
940 985
64 620
449 786
67 351
267 129
487 554
497 558
945 128
906 808
86 600
71 739
905 50
760 771
246 786
161 224
202 691
346 172
332 847
122 966
910 594
886 111
127 790
15 362
788 42
221 855
216 639
837 931
404 851
419 790
516 937
612 485
316 682
116 756
799 239
967 901
713 894
754 82
212 602
29 380
912 880
363 542
364 877
471 971
865 816
114 324
521 28
854 136
503 346
952 128
311 647
293 392
574 27
597 218
839 109
986 931
244 713
526 845
8 135
781 308
506 204
749 384
455 757
174 871
675 926
359 409
987 912
258 194
120 693
456 727
719 382
689 959
356 940
602 900
509 334
295 727
576 23
558 171
641 278
282 494
710 934
452 6
19 965
188 980
338 73
211 429
451 378
767 160
269 565
20 653
348 18
331 964
447 718
512 557
340 638
898 342
59 990
262 209
585 442
362 869
898 457
52 250
955 280
43 450
335 554
106 366
215 64
594 459
310 17
150 725
555 316
617 11
821 401
18 414
163 731
368 551
77 897
388 828
543 676
807 648
450 21
336 148
688 505
143 91
735 477
702 238
564 203
913 437
352 777
294 108
332 311
777 390
635 182
853 243
144 517
735 243
666 918
978 868
321 947
984 237
35 765
598 663
827 649
222 109
834 371
467 278
418 171
516 27
69 343
144 178
566 981
273 338
136 598
749 646
80 736
221 283
32 630
970 964
898 105
187 663
380 580
685 303
888 325
615 946
766 298
692 649
951 492
383 766
44 328
82 151
373 436
871 149
174 319
736 248
76 889
370 410
558 417
689 22
339 493
396 604
625 964
939 731
367 443
115 146
262 189
157 393
820 767
608 17
366 769
96 357
64 963
951 681
711 887
729 983
401 744
627 156
76 319
746 370
768 87
357 689
190 269
119 377
247 292
289 204
218 90
54 460
627 442
794 831
808 859
147 75
846 971
939 167
669 82
748 557
109 764
554 498
575 964
648 883
811 481
62 37
602 486
288 641
846 885
445 389
374 21
657 347
930 247
164 499
356 193
870 725
463 801
448 6
396 222
624 943
19 577
810 476
630 245
705 162
943 216
250 257
13 35
459 309
443 906
960 16
10 827
780 267
92 337
213 620
93 198
627 326
529 158
495 916
847 402
978 287
552 93
466 75
672 610
182 392
604 357
583 564
24 657
461 836
493 51
137 918
723 387
191 273
595 203
867 814
963 431
380 747
508 272
272 574
371 24
922 392
381 143
185 860
760 1000
355 524
484 232
472 752
176 994
99 363
755 47
850 809
744 316
927 959
676 637
998 576
546 65
341 835
109 295
806 407
336 205
686 797
545 415
638 570
664 315
42 115
355 968
804 771
803 848
199 203
756 976
5 414
317 374
392 45
485 710
15 213
308 321
660 670
539 455
267 753
637 727
518 615
133 395
342 531
37 111
990 927
117 273
691 478
16 294
537 964
679 513
684 877
745 873
687 10
780 344
710 153
779 353
966 55
434 924
145 343
53 838
990 185
354 398
740 426
645 183
554 588
974 589
743 176
58 393
174 149
50 863
306 309
608 669
148 560
828 402
956 351
387 716
483 931
724 227
323 714
486 42
898 192
862 657
77 455
314 907
941 30
45 105
266 790
432 114
93 893
280 902
553 713
233 106
305 341
107 577
823 911
668 972
615 297
620 641
141 824
647 114
48 384
841 581
642 622
717 490
994 849
617 46
637 51
584 417
494 204
333 370
601 546
194 152
871 758
413 442
256 562
223 263
151 746
831 68
797 84
319 816
621 368
103 985
848 20
506 376
658 269
640 256
750 223
290 905
523 637
283 240
731 766
904 100
613 766
66 787
711 161
157 750
255 357
45 558
388 328
731 924
643 302
238 764
633 655
456 585
787 527
41 209
16 316
212 142
343 996
89 765
974 574
331 520
334 665
151 509
889 102
23 508
549 154
199 529
737 938
850 395
23 807
575 842
465 687
706 999
600 158
512 768
344 604
606 852
248 56
747 174
207 302
627 83
595 18
470 570
613 410
922 337
427 789
390 411
581 956
431 837
158 903
894 397
546 308
710 611
516 952
668 839
775 157
335 730
138 34
656 555
609 525
774 95
595 590
725 899
47 747
910 559
91 255
736 639
216 604
953 121
242 208
668 404
206 591
246 648
946 722
109 384
739 793
647 538
719 528
126 989
863 440
132 88
481 618
594 461
818 619
240 867
708 683
285 614
161 696
492 46
203 37
316 796
164 472
718 691
388 256
843 226
112 104
274 667
717 645
889 29
818 943
88 368
571 621
743 363
504 224
231 87
578 311
515 98
450 73
58 755
649 744
447 527
490 110
382 80
720 911
411 644
443 342
462 200
870 197
488 579
529 979
287 999
370 411
991 783
245 617
756 27
993 895
133 542
6 804
372 364
765 211
858 567
894 425
785 651
77 241
977 419
371 940
465 87
564 709
824 618
520 590
797 329
765 53
561 910
301 651
450 199
218 91
751 119
539 815
298 915
299 502
234 848
97 483
778 763
946 585
378 135
30 516
346 729
899 581
276 652
351 72
248 871
49 842
295 905
329 554
222 447
773 821
297 4
89 490
75 612
372 136
235 961
821 586
92 590
532 659
990 51
113 429
753 669
41 809
776 468
80 833
710 205
490 416
73 152
993 479
666 431
975 219
504 252
598 943
639 78
904 92
606 925
37 398
228 495
140 905
586 169
198 451
224 122
961 667
308 895
827 62
153 389
371 106
603 599
452 169
642 873
736 116
845 942
599 712
831 623
300 485
105 75
603 708
987 165
667 362
845 831
500 556
690 556
855 490
146 838
394 320
33 384
237 864
538 635
816 873
157 63
949 3
843 512
876 724
129 600
777 146
997 311
800 733
817 657
565 979
787 457
294 203
385 813
575 46
243 529
303 363
251 42
549 591
215 591
825 239
529 106
960 514
835 450
32 21
553 661
956 566
599 410
782 110
814 742
199 1000
146 244
826 882
41 474
463 919
230 902
749 410
992 753
627 834
633 641
339 778
965 706
782 904
810 433
574 302
207 259
500 319
903 871
931 735
109 541
295 860
810 576
465 561
439 93
947 361
236 672
538 342
260 688
91 24
709 495
638 479
487 497
685 779
322 684
870 818
600 306
31 132
917 355
660 146
897 927
755 895
646 754
673 688
413 885
145 803
457 529
521 868
560 206
923 860
625 288
637 464
176 314
755 851
881 902
110 336
972 603
129 215
498 462
724 672
48 385
836 442
907 881
548 502
651 967
284 740
74 784
674 50
661 290
717 85
893 190
124 90
351 349
284 394
952 420
401 354
762 583
636 108
752 851
985 348
469 115
670 509
891 536
397 327
152 970
616 303
734 323
536 624
614 949
525 133
394 922
917 850
666 594
245 175
275 47
178 88
993 488
457 407
221 342
849 917
443 836
429 873
140 156
344 831
473 605
116 291
830 547
523 373
303 673
552 115
400 896
455 938
122 592
978 341
944 717
376 511
453 133
936 865
314 829
222 578
44 358
372 107
580 432
546 736
654 751
324 246
235 469
73 434
974 911
900 875
704 380
443 256
525 322
504 274
260 169
953 595
678 856
372 265
465 473
120 950
195 240
968 553
3 761
461 109
462 318
465 106
525 548
656 669
819 891
124 902
272 662
292 729
885 710
579 295
428 265
968 238
608 341
996 196
980 925
159 536
146 745
807 156
941 598
599 30
768 180
533 380
77 784
868 109
172 548
824 139
237 74
276 634
596 887
483 86
411 789
787 110
238 972
114 358
522 705
998 574
123 412
565 301
472 148
716 143
934 82
959 997
670 616
913 213
607 55
633 712
77 580
426 851
433 424
251 417
32 22
520 192
539 172
387 75
981 383
433 313
805 33
196 616
716 64
850 477
740 857
763 552
659 812
841 230
607 395
259 257
496 581
478 565
540 464
581 236
103 152
549 270
315 850
382 81
213 47
918 221
480 457
300 220
630 525
605 103
254 111
520 747
996 676
615 146
486 322
975 346
883 234
689 101
450 435
132 817
592 616
216 391
224 812
579 370
46 597
896 136
347 86
185 183
721 933
674 617
942 588
817 394
530 837
603 409
363 924
548 526
110 251
293 953
384 843
355 752
413 496
90 111
114 89
449 260
257 497
863 761
521 376
198 347
445 816
621 311
33 182
217 913
534 218
939 310
83 824
835 489
764 449
109 244
425 205
232 263
601 164
8 974
228 184
273 897
950 837
614 994
262 130
688 852
874 887
880 428
79 706
745 994
46 606
72 660
507 551
606 209
218 702
292 409
973 830
903 683
575 606
749 335
58 954
350 290
481 49
6 719
66 749
801 870
641 969
754 830
349 122
795 320
120 862
192 315
249 958
983 767
57 749
699 300
718 632
187 496
500 105
750 841
328 186
491 934
2 935
921 139
651 286
923 597
637 745
694 16
292 940
385 70
206 46
43 139
519 428
8 790
661 286
785 886
636 266
883 119
775 87
561 207
873 77
181 150
826 221
574 599
42 716
637 45
217 674
641 192
517 957
295 3
688 165
483 291
856 775
855 203
551 210
220 962
299 469
467 791
765 314
17 548
440 221
21 688
540 656
579 170
424 156
1000 501
713 976
772 291
220 542
378 152
35 857
414 704
109 216
971 133
446 167
792 528
619 663
449 179
857 46
969 932
625 58
813 875
904 985
304 773
236 108
956 789
336 846
3 34
331 401
79 855
830 949
967 260
496 687
829 227
615 790
537 740
439 476
705 430
11 765
288 810
59 233
775 759
588 302
12 225
286 448
253 787
913 618
202 755
690 284
989 304
457 903
483 643
595 484
106 486
470 911
237 656
334 376
92 181
827 458
276 444
884 137
744 116
197 606
200 206
418 157
493 439
975 611
998 256
570 11
275 365
739 688
466 512
821 442
949 245
401 583
848 488
96 525
329 754
781 796
600 909
978 474
596 927
505 689
711 492
603 239
930 373
623 224
511 538
845 358
186 997
481 979
484 706
692 431
899 527
630 631
530 297
338 847
916 673
853 220
291 735
734 689
570 574
645 160
136 496
932 511
925 720
359 692
251 279
843 107
365 483
147 720
151 168
654 1
861 579
700 327
424 90
778 869
49 627
340 86
107 197
14 275
221 341
149 552
558 972
870 610
118 967
157 973
303 819
641 896
277 468
338 290
232 801
819 273
378 739
253 981
250 537
794 64
978 485
119 957
231 787
487 357
89 782
326 557
454 573
277 39
542 525
907 176
497 638
831 593
758 306
376 845
362 864
917 88
44 20
229 16
414 162
737 453
722 147
382 765
803 302
290 487
741 6
674 65
299 936
219 292
494 238
223 468
812 311
116 676
906 188
467 862
618 738
373 679
492 507
527 192
665 563
703 47
911 50
282 259
623 260
959 774
172 692
356 297
632 135
88 647
143 469
311 887
437 552
422 180
80 283
882 531
605 879
363 396
421 381
817 267
541 339
100 933
339 743
670 617
782 39
165 111
22 1000
523 889
106 713
865 428
338 484
31 539
72 712
472 290
182 669
883 768
723 939
709 644
293 128
452 755
588 519
827 985
335 38
193 521
838 187
555 947
942 101
253 874
635 259
130 141
918 210
832 799
337 471
444 621
729 649
824 927
487 649
909 502
611 685
353 685
204 317
716 804
703 574
225 491
698 154
475 111
521 675
684 409
337 2
966 987
536 416
864 893
37 957
305 451
634 859
229 133
410 865
142 516
829 854
647 453
228 67
104 49
251 802
603 9
473 466
839 815
863 619
664 435
6 358
1000 11
85 439
51 635
379 70
930 330
200 627
902 812
857 311
512 150
290 604
203 229
276 543
777 86
482 308
503 366
727 5
325 666
566 584
808 102
347 642
352 808
920 618
5 456
354 250
156 932
48 869
303 183
606 436
471 893
807 711
33 547
740 314
445 386
261 936
31 729
178 831
926 223
787 875
737 532
807 596
467 295
784 675
987 940
472 399
805 115
383 91
888 535
406 390
118 924
778 829
670 871
675 603
630 443
880 139
288 656
272 117
537 527
316 358
822 568
495 960
279 389
693 773
211 345
41 602
228 604
634 699
743 111
780 251
512 633
654 676
987 409
828 751
426 635
153 417
175 880
966 449
262 664
241 680
827 417
521 846
902 317
567 419
402 907
208 334
924 652
724 654
798 141
185 314
248 7
879 482
312 348
6 32
11 378
859 30
987 69
660 101
128 446
246 980
229 778
716 268
423 862
837 860
916 301
845 321
756 940
78 592
444 343
526 932
641 705
844 63
739 809
829 717
995 189
423 956
85 173
929 799
184 338
679 227
961 110
183 94
48 769
952 855
300 812
1000 283
991 807
869 958
672 86
875 433
433 614
160 314
580 922
407 110
890 30
724 866
767 372
217 424
90 271
667 90
154 443
961 825
865 325
867 435
500 168
357 737
84 943
175 464
931 686
14 598
788 813
861 177
455 960
996 904
956 400
818 196
310 296
681 324
614 346
533 960
25 89
265 649
375 739
306 530
182 119
805 572
547 85
516 673
847 145
153 445
546 444
656 292
965 294
414 52
92 182
813 242
194 578
893 68
569 630
401 804
219 61
195 943
82 271
820 545
716 594
167 906
261 321
835 100
821 441
597 857
826 353
555 357
935 705
928 433
160 811
52 233
623 114
237 211
261 99
355 920
449 451
927 690
440 649
143 67
271 190
735 485
256 621
351 492
100 172
686 943
599 346
144 654
217 968
279 841
211 386
565 215
514 843
507 787
715 214
678 990
860 789
147 866
267 769
334 800
479 473
725 401
174 649
925 687
291 687
420 777
203 395
951 961
985 237
832 576
380 730
535 257
12 609
641 790
948 451
71 289
809 72
504 963
80 892
50 28
16 404
330 252
213 805
704 33
978 704
566 125
946 34
729 402
804 452
697 876
2 74
798 218
260 662
357 918
693 972
896 610
758 950
997 582
173 4
562 381
824 900
804 186
334 41
724 881
375 711
690 257
803 98
306 566
250 984
93 862
756 2
794 355
29 758
529 534
608 9
516 788
684 438
577 770
632 334
936 703
629 606
522 312
686 527
584 113
604 876
966 783
807 265
994 240
432 605
108 902
734 854
117 931
507 26
218 245
755 262
134 839
191 282
747 922
454 952
294 17
612 20
711 352
41 374
61 875
320 299
122 875
752 494
545 791
503 427
640 525
382 520
255 282
184 505
407 33
765 805
587 13
933 105
112 107
322 843
106 601
912 284
396 133
914 326
662 680
644 867
829 185
444 153
525 160
374 350
526 331
141 215
514 403
219 667
148 661
511 339
69 117
54 715
664 683
136 952
727 720
842 262
607 538
644 528
796 763
196 415
470 746
89 873
811 746
956 497
81 969
708 370
672 824
328 126
861 268
55 501
360 303
824 766
683 110
519 475
689 500
817 319
825 171
312 321
789 945
387 452
133 829
555 126
767 644
458 870
242 17
581 189
812 389
480 998
890 869
156 481
669 189
62 257
195 298
488 288
916 266
829 567
524 390
560 979
638 621
750 43
313 420
286 316
425 162
562 805
742 703
156 54
485 686
913 405
554 385
96 899
939 441
393 429
692 23
325 554
622 848
933 811
700 554
421 7
703 433
463 956
669 737
265 747
784 533
986 615
531 28
810 329
575 715
338 566
448 26
268 269
14 345
786 462
991 283
574 305
851 254
230 763
250 269
839 855
71 489
18 759
848 682
334 677
407 811
602 969
933 367
421 603
656 140
724 925
641 632
913 755
112 452
931 891
405 439
585 955
192 428
603 906
486 2
883 426
918 255
900 926
577 575
228 605
340 579
987 408
951 125
609 398
37 749
149 35
448 852
81 821
48 186
546 409
174 462
837 374
487 894
444 848
873 418
232 310
948 152
732 483
509 950
493 465
774 248
471 171
375 941
711 855
470 835
381 380
272 720
792 39
573 894
632 294
137 342
500 606
393 956
357 499
271 903
493 243
265 250
690 781
733 745
938 275
612 462
356 140
93 752
251 958
656 788
554 323
593 495
189 508
606 322
744 109
13 558
665 923
9 991
545 253
56 556
967 194
878 363
477 594
104 823
953 265
846 238
622 876
951 846
532 604
830 857
28 243
62 400
269 247
205 76
321 744
723 521
69 410
142 494
112 179
535 365
115 756
800 378
877 388
970 38
19 718
829 225
188 239
689 918
28 512
253 975
663 126
666 398
704 117
562 111
448 947
927 293
857 537
525 499
352 95
79 228
706 782
121 278
785 421
154 892
432 118
803 73
324 331
890 96
334 125
663 783
659 646
808 238
495 42
831 396
667 679
979 761
48 53
124 256
34 248
453 738
220 275
943 133
582 577
17 843
399 161
510 636
773 404
186 286
495 264
722 316
560 47
9 319
46 770
163 546
241 151
919 652
523 403
906 361
545 447
708 925
838 868
51 434
547 537
114 25
20 511
938 134
80 162
945 548
164 706
86 894
863 320
222 344
471 332
265 321
179 391
933 786
679 370
313 589
297 48
622 776
53 531
576 928
555 165
895 849
269 807
421 416
227 657
896 982
714 869
507 737
718 869
689 545
620 127
841 382
325 149
18 575
960 92
836 551
806 477
685 603
767 73
131 885
760 505
776 638
434 670
205 545
521 323
762 442
808 274
656 99
859 620
418 874
221 782
229 316
908 329
529 900
577 798
173 230
73 256
114 478
314 26
997 807
390 415
177 290
569 544
732 52
881 982
23 850
665 501
686 413
33 355
250 987
931 966
56 572
348 444
629 605
423 434
775 153
267 910
452 386
471 422
203 524
366 72
521 615
209 243
588 441
475 848
367 870
425 427
821 13
608 438
702 256
886 557
668 400
355 951
704 429
891 217
449 430
638 630
85 243
450 816
19 221
460 377
84 445
601 845
264 104
71 81
900 65
635 58
763 225
32 207
571 786
477 779
875 376
217 374
53 664
633 702
460 686
526 473
1 225
349 226
576 170
443 869
871 349
841 282
1 579
637 992
763 557
842 180
737 970
75 559
757 7
116 433
5 840
466 96
528 491
983 581
895 393
774 608
118 626
620 912
487 651
474 742
426 645
758 514
319 466
374 795
747 287
508 265
681 957
334 181
727 422
414 13
201 490
293 836
55 357
3 726
831 452
926 488
694 68
991 109
98 140
937 834
392 329
781 977
319 918
640 63
510 775
683 499
518 584
25 765
962 166
356 233
673 185
950 655
534 846
77 817
557 615
264 914
483 230
191 313
88 758
910 297
70 878
454 933
311 804
935 174
606 332
323 556
493 850
817 932
982 510
591 290
406 698
892 495
363 251
625 236
883 940
421 407
919 376
297 153
356 700
322 636
933 12
203 291
691 462
984 492
268 413
40 68
245 21
675 554
625 607
421 602
741 853
903 586
687 339
340 366
896 700
292 201
483 906
64 376
672 615
445 893
328 189
76 779
992 132
576 451
244 113
690 375
8 624
362 900
235 414
702 644
883 346
242 622
495 160
235 131
210 756
245 585
672 837
106 385
676 821
111 880
862 984
367 474
741 745
577 856
951 602
546 265
513 240
570 387
399 479
405 874
300 368
103 637
241 392
10 45
998 490
716 703
238 79
441 943
663 876
243 503
372 657
212 878
157 59
621 758
927 587
109 290
789 694
636 469
998 724
218 170
826 429
989 911
306 153
431 290
161 282
517 237
131 446
114 346
85 171
952 234
222 268
350 193
562 601
299 517
728 401
692 244
674 587
882 678
190 761
58 891
565 896
867 215
947 381
10 661
840 809
872 456
677 90
793 700
311 460
849 941
865 347
648 319
211 185
507 127
136 973
321 313
920 793
706 924
103 76
880 919
720 956
594 925
79 231
64 324
653 276
694 448
127 811
519 751
957 638
358 501
110 634
736 165
419 371
77 339
974 227
889 905
659 649
162 435
739 991
811 578
573 703
357 52
37 606
228 807
909 277
285 424
822 719
641 176
574 630
564 552
92 424
199 503
826 367
752 715
599 118
244 432
252 387
215 777
988 527
830 318
405 721
618 540
359 834
485 515
971 324
683 72
226 661
557 687
869 365
764 405
982 68
199 170
271 297
865 842
59 52
630 586
647 578
653 513
854 130
412 401
515 319
805 326
271 350
960 657
838 662
786 117
916 912
352 577
813 844
541 509
340 226
329 375
754 324
517 372
900 396
499 899
26 305
135 753
652 477
458 267
448 67
415 641
701 104
832 249
620 120
948 519
148 755
3 144
300 982
66 720
306 323
698 577
571 437
499 334
33 806
838 237
14 931
92 455
793 796
76 686
81 594
561 328
34 320
50 975
291 459
349 321
686 192
871 252
729 803
674 560
742 107
284 951
840 255
900 53
788 263
241 630
594 50
467 389
799 697
334 777
410 665
873 650
771 736
959 335
964 215
803 723
590 169
994 782
276 177
522 137
209 242
321 472
161 119
803 672
480 843
239 211
30 371
454 559
533 376
930 764
845 438
78 543
327 452
510 970
384 46
686 969
156 44
342 771
968 686
53 340
436 332
990 687
717 973
938 10
322 375
929 419
74 756
536 545
810 192
297 19
192 791
528 913
228 877
784 555
412 356
415 583
843 8
221 660
801 636
397 73
645 419
478 140
455 749
338 483
502 278
822 817
973 999
463 105
726 545
843 455
681 480
937 819
201 11
55 160
644 643
974 910
760 278
837 126
737 686
686 109
49 88
706 646
97 847
25 23
758 515
926 719
999 303
656 479
43 151
718 173
349 726
498 304
674 303
747 431
361 248
949 999
56 618
555 624
611 248
815 962
245 918
391 870
586 626
401 738
940 189
462 649
559 805
447 95
485 232
345 445
494 30
208 131
581 590
86 868
638 689
682 919
61 570
321 341
17 971
270 286
354 407
247 64
625 404
32 415
848 209
886 953
706 211
155 347
602 480
195 586
573 172
364 947
551 409
240 353
9 818
970 98
730 332
804 971
566 766
53 473
810 164
43 543
303 33
886 202
889 342
725 56
175 219
692 823
841 475
571 686
899 247
705 164
814 262
283 330
236 298
511 224
435 107
892 829
588 550
292 123
735 657
758 210
136 967
766 761
142 806
509 368
220 197
59 193
171 907
867 630
7 289
441 293
927 464
417 527
399 651
93 994
944 280
227 868
671 991
432 76
361 442
252 485
127 647
345 846
327 810
309 299
36 469
155 179
278 638
506 827
162 31
932 751
325 436
242 849
542 874
814 527
161 221
824 523
203 582
186 376
719 662
63 210
979 573
48 361
890 611
964 303
366 1
593 195
115 259
152 311
426 186
428 604
667 969
151 732
544 632
651 700
583 569
216 537
1000 452
78 599
7 681
122 526
416 90
644 338
388 16
652 837
283 234
321 83
764 481
964 739
35 861
308 335
165 194
717 917
648 228
385 962
613 708
706 422
639 580
730 288
17 459
611 511
98 150
207 488
84 357
50 198
947 33
696 98
240 107
558 581
585 617
771 412
439 314
935 939
193 468
701 495
142 415
861 797
828 74
95 453
481 81
672 678
451 617
751 739
812 968
439 472
528 421
511 506
135 848
463 327
12 157
840 486
289 608
749 874
266 784
965 146
181 419
538 996
867 880
922 562
637 378
504 362
50 522
54 66
609 281
2 681
595 858
106 506
858 488
287 728
608 223
111 4
224 744
703 704
29 817
177 742
513 76
972 679
855 122
571 106
73 934
973 203
686 720
391 239
659 324
841 482
642 650
440 14
142 797
324 896
19 82
424 514
912 887
506 386
936 367
169 850
61 836
209 593
174 541
88 862
718 784
182 875
881 176
772 33
499 789
725 15
342 561
640 930
960 432
551 295
502 204
838 433
933 451
771 504
115 722
463 148
966 191
549 51
914 496
74 149
735 856
538 260
22 157
25 367
192 200
504 202
597 263
639 188
417 725
861 146
2 73
793 882
410 290
788 947
475 456
24 672
64 673
598 802
722 361
72 876
168 415
832 678
555 465
505 962
567 198
73 262
534 501
936 900
665 74
396 869
868 583
704 480
383 224
870 552
750 615
695 162
608 12
440 750
684 433
647 63
194 933
546 334
459 411
876 885
366 223
815 926
85 701
17 821
842 820
8 560
320 866
30 481
220 535
721 94
501 734
483 383
636 431
583 624
779 102
751 974
807 104
114 385
5 62
432 702
809 604
737 967
574 988
117 927
479 24
562 828
244 783
659 62
787 117
645 127
853 252
891 57
583 807
472 153
407 205
795 754
571 788
647 839
985 206
83 24
98 49
514 511
326 65
74 38
98 416
260 599
637 781
784 857
508 673
288 648
400 82
58 530
799 403
842 178
538 139
225 156
889 245
391 157
267 403
303 561
418 797
880 976
662 120
405 1
758 913
690 337
339 261
418 908
810 950
98 996
559 364
603 577
237 707
699 82
976 573
315 365
525 754
250 906
362 832
42 578
152 62
782 517
263 282
744 126
90 854
310 851
78 303
442 217
462 654
615 508
798 36
621 639
567 377
114 195
205 152
445 617
981 535
744 67
68 656
968 926
381 439
458 756
424 956
958 825
734 601
289 182
268 923
381 552
216 466
117 962
246 750
804 790
52 83
218 327
147 961
440 181
481 543
186 943
997 511
781 514
263 879
213 64
786 152
130 916
256 711
136 61
394 893
269 383
108 425
606 440
532 443
903 896
208 607
762 858
688 841
430 306
602 259
312 589
464 888
40 183
757 854
689 542
451 767
417 947
978 756
38 35
528 299
558 885
73 130
866 833
762 286
741 666
609 161
899 293
19 219
794 21
44 404
745 545
482 713
432 510
197 178
955 154
276 327
881 884
175 655
567 153
477 499
758 620
504 335
582 446
896 331
1 105
721 730
573 665
871 916
115 484
10 630
559 843
677 960
864 797
370 234
962 486
465 198
103 716
285 378
806 575
879 95
816 879
357 321
398 317
769 703
539 769
133 48
280 412
190 163
247 438
798 802
215 724
424 551
226 655
981 781
51 456
694 610
860 670
243 644
173 805
986 804
22 586
117 760
613 707
673 278
674 585
714 618
986 983
678 1
420 785
841 736
421 56
297 106
977 397
70 849
112 39
916 150
517 286
244 620
505 120
804 718
731 806
473 986
28 624
666 747
29 848
460 752
28 492
657 36
749 694
786 320
944 584
463 32
563 910
892 834
126 298
988 385
92 606
945 370
947 412
839 602
328 332
76 986
554 710
888 388
234 26
107 280
729 64
908 416
638 163
200 21
491 534
93 886
872 551
231 712
346 402
953 426
870 481
158 61
270 667
452 282
536 365
771 646
722 168
391 681
34 102
807 353
475 984
739 695
167 902
189 714
925 246
746 437
582 727
989 719
976 178
100 74
545 451
964 403
974 727
147 27
492 279
213 294
30 676
752 536
604 601
950 629
536 809
4 775
985 422
345 7
613 662
138 843
195 517
344 457
52 954
56 445
480 934
429 560
679 855
263 964
551 305
563 995
753 893
240 904
204 563
558 614
501 687
84 233
201 819
112 210
921 522
278 153
525 184
126 503
715 278
274 592
629 452
745 735
433 241
608 705
84 830
35 146
110 826
129 329
554 698
22 508
499 449
559 719
659 969
20 661
457 981
385 16
810 979
336 546
483 853
34 313
759 889
954 600
897 110
849 744
989 384
702 715
663 579
576 416
552 31
979 662
379 482
250 998
437 206
771 738
673 944
162 183
648 658
579 442
963 27
780 707
481 784
893 311
385 143
240 409
682 832
775 457
389 158
618 638
590 2
855 895
233 532
192 587
407 598
597 277
328 206
229 689
43 856
421 111
79 583
482 15
506 121
435 191
735 8
496 447
776 193
446 541
529 767
572 443
792 875
5 514
373 120
468 172
774 502
634 95
348 825
311 167
154 110
982 780
417 752
791 238
625 67
317 611
157 718
340 708
625 658
97 473
116 35
942 519
482 661
780 204
141 518
89 877
182 210
516 726
970 853
297 792
46 381
413 902
200 45
935 513
992 473
813 74
419 269
500 672
376 878
716 944
147 407
864 131
148 68
650 258
63 811
46 607
984 796
548 421
785 797
202 889
857 418
640 131
623 448
405 565
855 61
640 50
454 766
453 985
209 365
392 219
393 102
38 840
740 114
445 842
554 666
769 636
754 146
925 369
415 775
731 654
934 481
781 402
236 247
425 999
570 755
683 944
172 194
359 763
105 1000
307 420
523 874
114 614
334 911
91 479
299 824
891 802
602 691
821 595
717 674
530 66
257 937
253 425
942 424
457 34
387 933
842 215
861 217
990 487
353 994
374 600
789 285
348 35
433 266
137 926
909 980
39 201
883 351
956 401
617 655
944 489
547 84
824 815
897 37
646 664
802 890
675 248
389 274
546 375
432 827
931 467
341 986
15 281
146 664
823 758
704 870
263 543
758 87
756 630
200 517
773 350
77 833
958 218
963 864
640 397
949 445
843 662
471 585
184 121
384 587
829 599
782 343
811 453
740 485
388 18
138 569
324 844
207 581
635 118
504 756
726 931
848 873
553 303
451 612
627 986
233 697
246 4
946 326
105 964
57 681
18 471
905 507
951 307
32 889
235 930
307 305
204 671
249 2
302 244
970 34
18 727
386 83
648 290
170 938
48 685
636 745
783 668
988 386
222 990
662 999
65 912
809 337
865 58
82 196
173 27
357 974
799 251
340 764
475 287
148 431
591 69
495 848
791 391
813 459
817 8
409 67
327 891
625 811
257 113
222 651
297 848
695 88
499 314
845 843
438 419
702 812
663 574
560 197
10 234
289 817
987 134
328 777
722 169
929 257
566 94
859 960
517 522
349 830
133 881
694 489
301 699
199 496
318 390
635 164
543 715
560 552
656 997
507 91
381 638
371 568
246 676
7 638
623 238
492 284
402 52
351 491
647 558
421 951
501 538
642 41
308 446
614 272
238 827
424 659
242 390
248 823
70 656
950 916
187 916
513 540
152 977
763 794
638 154
668 76
688 786
230 933
602 760
677 234
917 859
577 14
877 93
476 364
520 186
908 769
787 194
81 693
727 549
637 984
983 716
469 658
861 452
97 67
681 614
514 170
594 892
483 967
541 943
429 405
125 262
495 884
866 616
760 219
870 160
175 838
755 800
231 751
254 852
693 571
244 330
483 562
381 335
275 286
423 430
822 208
509 747
203 512
6 493
377 885
854 737
916 88
552 867
622 802
129 982
367 866
200 133
545 494
928 466
399 495
87 355
365 125
61 644
333 671
837 799
750 16
458 432
172 690
599 373
178 563
706 619
749 168
330 758
592 237
921 937
117 526
246 418
467 563
470 829
38 565
277 830
505 213
855 717
94 129
558 528
192 921
463 809
433 417
201 861
465 848
815 16
230 720
710 334
74 36
827 743
763 432
605 301
993 459
117 243
652 290
432 325
605 350
111 533
139 334
221 198
466 239
909 943
34 491
510 252
956 398
745 357
909 512
408 59
172 44
10 211
379 528
345 736
492 785
788 294
220 288
223 643
465 79
492 672
536 422
370 196
43 182
171 509
564 636
57 502
974 363
261 132
954 735
631 469
526 547
216 512
364 648
660 941
868 8
282 695
568 196
397 678
736 267
648 892
227 17
375 441
397 311
39 710
768 708
200 934
19 362
717 639
297 12
778 965
861 532
517 312
813 913
526 14
527 883
973 132
643 366
662 734
518 914
776 333
924 349
818 101
412 617
197 269
212 913
364 370
884 585
447 885
429 170
602 978
992 954
511 370
408 603
245 386
84 768
583 478
897 745
794 882
82 225
727 755
374 601
140 897
988 221
1 333
441 390
477 320
227 873
376 173
343 379
770 443
275 523
612 800
918 867
667 545
63 616
547 534
211 733
747 511
751 479
332 818
335 580
655 741
819 779
124 910
205 88
873 54
285 448
837 659
877 614
492 644
902 81
722 677
245 792
926 91
116 17
603 506
571 329
16 714
627 496
464 508
262 835
530 563
886 766
43 944
355 866
473 19
470 401
323 701
251 34
514 974
641 704
517 233
847 886
403 329
84 386
765 533
344 495
792 535
795 840
722 808
445 79
442 823
648 118
709 915
585 669
70 855
175 654
482 167
728 179
352 647
739 277
443 816
465 920
286 670
549 28
608 584
382 807
457 76
663 4
991 651
2 848
417 718
59 369
244 179
176 691
305 17
839 596
418 720
129 355
370 761
97 407
81 618
711 683
228 751
279 509
942 167
176 770
115 172
794 486
963 485
659 796
384 206
8 60
405 168
747 475
875 686
492 970
823 902
168 708
462 298
390 71
585 277
271 704
661 72
223 731
7 202
998 315
638 786
343 210
988 741
284 764
216 730
294 269
834 782
708 779
804 557
916 344
170 134
890 521
707 437
198 568
473 463
76 92
541 38
337 520
416 121
345 5
271 309
274 123
682 140
42 239
354 205
299 724
752 58
30 580
791 223
645 169
558 650
763 216
861 555
147 729
667 286
122 51
341 275
506 911
239 984
331 293
633 677
355 427
321 719
605 599
95 405
227 741
102 499
636 671
861 894
974 95
407 878
582 56
432 927
808 5
253 333
836 947
638 483
766 308
503 950
16 168
771 808
899 383
335 266
478 552
254 498
662 194
850 162
709 237
840 148
606 639
992 63
274 709
887 676
50 557
538 886
833 878
104 830
103 560
106 340
609 683
920 42
884 283
977 463
217 626
345 421
803 749
204 344
208 155
741 15
51 759
712 283
17 955
254 646
536 105
811 209
355 719
118 825
960 932
603 192
775 371
761 824
117 924
333 623
697 500
235 255
790 811
665 854
152 959
48 762
744 825
915 282
940 271
408 900
316 520
325 92
937 199
117 303
670 882
922 804
596 307
961 842
526 418
362 489
895 193
628 972
121 244
630 22
577 410
316 490
912 161
514 365
400 85
883 694
844 912
723 801
961 916
233 493
417 758
519 525
449 506
226 566
362 26
992 253
629 248
44 322
7 334
615 53
136 781
46 272
92 86
125 597
671 884
600 609
231 701
713 134
567 39
298 36
224 949
650 689
506 803
440 227
589 444
239 7
595 791
449 577
267 848
654 924
769 438
475 917
737 506
21 289
428 968
263 420
677 954
967 850
494 319
574 562
531 733
18 504
372 809
750 66
473 406
463 350
700 851
830 506
284 458
489 924
570 927
990 764
186 932
557 755
604 296
221 978
694 580
901 230
761 581
763 19
843 91
243 647
407 210
74 359
610 789
222 55
357 813
373 937
579 754
943 125
710 280
880 549
880 51
221 357
832 182
870 594
687 120
517 16
175 340
727 716
217 454
798 408
168 30
900 727
577 406
478 511
872 998
576 366
174 20
411 716
400 945
635 941
857 519
720 981
700 219
156 936
818 170
569 784
383 644
940 857
745 439
487 682
901 913
185 904
349 645
139 75
159 132
751 553
291 276
242 762
99 863
957 823
840 59
661 51
457 717
298 715
579 342
199 993
493 348
332 862
391 727
638 838
472 617
733 626
403 253
694 752
773 348
276 996
336 199
134 270
112 888
285 146
859 309
366 359
663 583
190 49
892 187
821 241
289 448
860 665
866 474
621 420
108 377
666 933
426 431
99 215
598 239
992 354
285 726
478 185
615 552
818 778
112 169
813 517
995 894
266 728
912 346
128 745
588 759
956 115
994 186
202 400
759 899
254 354
903 421
232 860
249 866
140 983
715 589
58 696
252 796
794 116
462 158
626 987
713 124
749 870
897 869
976 730
559 677
999 482
451 280
567 254
237 759
770 412
441 274
168 566
339 989
489 510
381 56
135 387
194 605
267 779
89 646
7 197
724 681
90 781
698 460
925 243
542 206
217 646
772 602
739 521
96 517
941 617
836 321
381 636
169 948
952 390
26 983
685 612
651 732
911 38
734 217
705 651
243 756
725 696
302 747
605 914
215 618
312 955
518 287
868 336
179 397
36 514
114 714
260 202
246 503
907 869
913 224
329 489
44 900
835 711
801 619
360 741
550 110
434 987
455 750
739 419
978 921
226 210
785 973
309 255
240 794
776 262
575 926
546 932
283 310
140 149
662 886
849 797
577 302
61 373
357 526
31 845
412 961
558 148
454 332
700 44
558 182
603 859
309 988
241 958
561 323
541 941
102 173
927 404
676 916
434 619
681 570
701 551
291 360
845 924
958 709
628 928
353 522
357 194
703 261
953 459
201 430
148 163
133 689
267 762
766 241
876 881
552 583
882 498
185 162
81 17
561 783
10 31
379 340
659 390
573 928
704 817
742 985
726 434
854 743
926 144
582 822
416 329
812 303
467 870
488 459
865 911
539 714
305 99
601 949
393 216
472 895
933 990
716 418
990 513
119 61
187 837
313 514
186 880
631 134
853 248
184 273
477 660
630 474
411 970
703 410
136 404
47 166
378 75
394 980
126 677
861 526
815 173
981 149
752 195
882 634
387 434
351 909
248 418
156 749
696 394
623 817
93 326
649 564
390 934
562 463
835 961
733 278
291 831
956 59
336 852
128 576
962 939
500 30
762 361
853 542
514 140
951 481
936 838
690 333
569 868
589 601
901 877
650 559
638 254
34 344
357 544
251 623
33 656
250 918
508 374
201 489
681 816
561 218
747 563
286 77
180 720
163 898
707 193
229 141
547 872
767 653
901 289
295 22
912 218
122 722
673 194
137 168
275 26
540 534
243 398
414 563
912 142
440 761
942 785
932 722
483 236
765 670
624 542
100 616
809 700
368 348
630 516
252 678
470 341
96 922
649 148
657 897
469 748
626 294
904 38
725 82
838 723
565 441
624 843
456 941
297 131
193 338
411 135
161 927
45 694
966 198
749 718
165 877
322 792
861 165
992 956
315 193
740 870
709 497
37 436
442 196
10 512
746 886
89 989
1 323
55 48
148 406
466 209
619 413
441 501
63 618
428 21
253 662
859 731
220 407
703 602
828 861
591 305
812 66
154 692
449 556
343 819
177 765
641 174
211 219
646 953
707 189
11 370
68 865
694 981
567 345
842 840
916 471
459 420
523 287
476 336
564 449
566 147
713 765
555 142
630 838
556 861
84 112
123 128
920 688
631 296
632 634
872 169
835 319
380 384
352 861
132 139
160 84
14 115
569 248
711 638
388 428
748 810
216 171
568 448
19 392
97 632
39 629
705 121
445 446
468 1
910 714
667 421
433 495
416 539
917 949
224 468
222 163
829 137
401 702
50 112
914 393
409 247
836 714
709 324
503 831
278 979
328 305
412 877
219 585
537 668
420 288
261 110
997 554
451 394
396 384
487 376
474 553
770 490
847 232
957 632
533 577
215 338
660 461
515 322
789 175
3 630
650 168
723 423
375 616
107 376
237 647
76 523
556 253
298 541
315 681
776 901
216 958
656 683
769 76
85 676
417 106
129 904
48 266
596 858
158 195
125 788
471 264
552 906
368 567
557 391
600 918
750 392
125 630
939 216
982 94
341 78
473 126
916 696
665 888
939 361
897 881
847 965
387 187
820 387
971 41
22 965
795 199
186 862
264 285
269 20
758 450
705 246
762 1
14 103
583 237
276 279
809 176
353 220
596 136
266 765
480 442
643 57
461 590
481 112
83 925
746 684
124 776
305 930
88 270
269 839
987 502
619 703
884 818
461 735
117 141
853 633
547 418
675 377
782 575
533 635
131 651
426 793
832 780
466 6
139 180
12 190
841 978
453 284
693 758
243 784
499 227
942 666
394 93
432 152
324 414
471 89
556 225
208 383
618 422
345 570
128 80
717 306
737 476
573 846
280 139
172 873
323 239
622 401
197 714
272 799
3 897
835 72
44 941
394 270
125 824
596 923
388 800
155 599
873 814
358 934
475 710
994 618
939 183
9 62
137 113
894 967
697 393
613 805
172 685
998 865
844 127
708 459
578 15
687 659
678 152
147 646
905 342
622 815
917 779
331 370
792 704
540 102
777 364
895 882
331 451
463 198
800 330
734 71
594 682
313 957
719 725
616 674
247 915
468 287
73 233
916 69
775 528
210 818
818 53
162 672
415 22
864 458
330 506
24 641
996 735
248 95
176 972
572 874
370 398
119 777
210 231
357 148
141 659
181 486
983 127
144 164
368 770
243 194
190 479
546 367
217 547
569 694
303 32
729 257
264 750
944 190
285 106
67 494
309 100
846 821
81 397
600 991
765 443
894 484
595 623
702 340
985 704
852 28
971 437
165 502
347 511
4 820
42 387
407 409
464 305
545 120
213 474
469 64
220 790
919 546
501 479
30 627
769 993
130 913
479 351
194 360
179 452
520 392
813 893
835 753
948 304
252 901
182 852
330 971
545 476
593 583
981 168
359 796
261 934
74 500
929 125
667 73
465 945
562 353
923 315
348 874
316 392
945 504
840 530
684 931
687 344
12 96
163 404
491 771
935 882
490 460
884 874
561 313
853 561
306 404
288 887
24 669
975 450
113 917
121 499
732 213
126 124
994 630
789 138
745 326
391 930
177 274
769 246
664 988
996 465
334 152
872 607
638 106
539 692
461 43
146 517
608 184
683 310
30 760
82 207
760 867
485 880
12 650
34 974
7 678
93 260
829 881
223 390
835 289
172 960
211 794
582 895
254 732
907 524
267 685
472 905
271 173
256 410
539 693
668 471
464 285
895 758
588 222
238 803
854 579
859 608
854 121
692 76
730 187
90 282
281 902
19 282
368 456
947 950
820 424
866 314
199 955
735 76
94 92
259 41
888 973
409 468
846 644
965 695
583 8
715 923
36 861
208 744
633 895
16 417
2 204
701 974
98 357
174 54
873 746
151 781
476 170
849 832
637 929
657 313
876 331
35 253
573 357
576 439
261 867
79 236
566 747
897 891
898 212
76 733
854 797
570 332
967 111
186 85
866 563
381 8
46 697
623 505
359 943
236 863
699 145
558 340
675 152
380 882
362 645
695 197
287 834
699 782
367 116
206 818
318 680
158 177
860 315
769 893
539 962
188 744
594 363
535 646
706 503
428 431
621 578
613 46
6 404
878 644
486 631
824 267
751 944
492 71
761 944
560 261
9 1
7 67
229 934
36 674
686 948
502 833
251 195
160 730
666 788
459 62
323 696
298 368
450 530
707 850
412 488
236 164
878 271
425 115
874 802
411 32
471 828
819 204
126 542
531 320
572 428
98 39
724 343
562 342
959 680
69 358
508 970
809 183
424 211
279 207
248 503
361 568
288 610
929 32
885 117
175 511
468 363
343 617
257 774
365 797
645 763
705 384
745 595
83 20
763 758
417 600
953 894
497 885
370 536
775 717
614 383
283 967
70 397
426 315
457 984
814 256
542 635
926 730
529 636
471 235
784 618
263 412
880 119
881 974
953 457
127 554
57 474
371 988
696 565
149 580
732 419
115 419
760 812
464 153
462 692
764 780
910 904
560 451
155 953
817 500
678 567
542 70
394 414
23 138
937 520
924 605
337 728
360 775
62 756
604 570
57 809
761 829
105 725
17 363
324 881
956 891
156 90
708 671
929 734
169 193
264 171
235 832
622 812
680 723
808 72
916 947
335 357
616 389
959 639
528 551
857 925
415 733
515 803
826 928
153 712
533 756
390 789
192 12
197 277
970 23
511 245
3 100
701 901
562 461
121 11
476 171
490 432
115 541
296 833
499 642
631 629
391 266
379 1000
966 506
698 620
314 885
442 302
747 233
430 839
69 13
272 289
427 591
428 728
727 600
943 527
488 591
180 781
272 432
680 333
166 988
245 637
72 29
54 925
179 524
594 126
133 514
595 171
462 502
746 69
360 280
676 872
323 67
936 757
223 655
538 841
996 397
262 57
135 453
565 688
87 76
950 458
555 390
159 807
527 390
695 418
973 60
370 83
372 645
534 983
299 482
393 105
431 673
267 640
789 523
403 448
132 258
722 542
635 771
925 475
161 374
16 223
237 35
974 791
635 56
872 222
670 401
263 869
307 141
604 653
846 758
703 299
173 844
378 250
833 70
542 672
382 557
936 345
791 837
886 205
796 253
714 850
715 503
630 198
445 378
196 544
507 987
452 586
715 905
274 514
757 193
673 961
500 350
38 32
984 355
389 959
1 423
663 109
908 84
741 665
823 363
220 454
116 413
619 14
379 869
395 248
241 836
182 986
724 835
36 333
205 370
837 381
215 313
716 834
823 958
182 34
3 685
8 769
618 108
721 877
138 31
267 881
953 370
848 360
811 124
24 90
302 897
307 557
751 46
475 867
459 422
595 530
501 751
670 64
485 390
968 928
734 791
509 512
147 5
845 486
798 355
315 843
744 199
7 529
394 598
267 684
930 356
950 611
683 100
173 910
119 118
502 890
48 989
517 452
161 274
369 151
924 249
479 551
588 46
735 169
264 148
686 435
346 560
19 394
684 126
62 300
957 56
639 466
879 411
877 345
236 103
164 260
130 660
94 93
28 379
359 363
732 711
749 287
643 334
942 350
302 249
982 623
583 34
574 421
153 847
154 48
637 975
265 889
602 946
399 982
662 984
420 467
24 988
97 58
371 391
62 872
103 68
31 251
268 159
89 910
216 815
681 690
650 899
776 730
141 504
310 465
537 275
224 18
283 355
993 634
751 398
715 940
609 417
292 971
24 361
225 440
334 74
689 73
104 695
563 592
491 669
992 390
797 739
689 474
988 882
607 904
355 599
564 641
671 367
485 216
494 110
702 563
8 539
741 23
