939 2770
364 558
71 769
437 406
719 382
495 213
874 824
158 927
475 764
351 747
358 826
682 344
488 353
588 825
662 528
535 201
719 156
44 799
174 878
674 472
487 823
473 124
56 468
350 367
462 723
841 470
391 557
547 148
668 476
454 675
244 466
392 763
797 399
492 820
700 747
854 900
352 398
351 773
562 708
568 898
382 613
769 519
202 640
457 664
24 672
575 127
155 829
155 215
763 889
197 304
329 693
22 752
284 769
253 164
881 654
734 248
96 534
630 240
398 12
565 545
408 668
382 433
73 663
533 382
438 562
406 381
105 6
178 244
274 876
763 870
910 902
750 321
442 745
644 888
723 929
291 781
735 846
645 135
657 298
545 787
214 903
43 903
542 495
157 296
770 84
261 847
135 735
154 817
11 303
657 528
509 742
19 658
614 701
597 833
207 774
218 72
849 780
666 330
775 438
799 863
284 371
783 278
679 812
386 840
799 315
505 64
747 916
847 752
540 723
851 914
301 183
251 238
489 175
40 533
865 273
166 85
78 332
867 818
762 139
446 293
896 360
533 280
332 239
635 606
462 606
84 309
174 100
675 842
861 246
38 857
149 810
538 836
445 654
245 908
912 818
126 571
475 468
183 31
203 318
334 548
299 201
245 829
566 935
623 391
165 315
771 912
368 707
870 517
485 383
127 489
777 447
815 651
390 121
550 762
503 607
833 440
561 166
416 20
239 444
867 284
63 372
581 794
247 550
592 651
22 663
421 784
153 927
355 759
653 26
317 252
486 382
89 122
489 637
329 126
909 144
509 777
934 71
758 650
482 580
321 927
379 535
639 70
487 469
14 543
649 438
179 589
453 342
899 241
614 275
338 896
82 790
265 270
489 130
587 383
642 254
297 779
889 430
193 516
799 52
676 769
164 619
515 901
621 666
360 682
640 423
681 144
20 457
369 25
591 658
832 260
377 630
322 634
662 728
863 201
353 859
523 547
779 246
780 517
556 202
293 598
542 27
266 648
303 759
519 851
145 765
717 634
477 160
355 265
764 14
512 201
415 547
435 596
384 636
494 700
263 257
122 119
15 821
640 914
515 213
904 242
831 322
65 170
66 133
129 918
258 818
99 640
348 367
194 353
446 283
707 32
398 672
183 858
754 818
711 85
586 75
73 20
53 921
368 809
184 422
594 420
635 784
625 365
791 377
726 56
144 131
659 113
609 388
917 451
454 451
254 298
640 29
362 796
491 877
864 54
898 861
427 287
670 233
265 515
824 217
607 919
27 681
168 97
39 283
224 788
354 299
10 844
514 867
879 100
457 69
279 260
716 890
74 269
754 411
755 347
195 416
449 508
231 465
270 649
253 495
394 623
135 669
742 189
211 400
525 921
51 465
303 180
87 789
387 390
850 786
524 765
444 538
545 139
179 506
782 829
750 267
695 414
358 644
742 287
596 223
601 140
217 800
328 583
740 705
903 119
262 718
722 861
274 325
538 195
740 27
740 592
121 283
820 550
72 881
235 916
643 762
707 293
457 825
370 897
296 301
375 810
551 434
622 343
150 487
26 196
896 738
171 232
111 684
929 401
731 903
437 234
754 937
578 421
605 813
608 335
661 630
96 110
497 768
78 728
744 287
373 3
301 241
693 330
16 879
809 792
826 678
258 123
404 597
318 588
177 316
911 867
221 693
130 33
724 582
621 798
223 727
610 199
803 11
884 855
148 756
2 107
362 378
767 186
242 393
474 848
355 679
752 817
163 556
220 478
827 110
904 470
888 699
8 32
286 540
33 40
841 203
626 540
328 636
607 404
239 211
905 391
427 368
250 110
895 489
915 624
271 131
510 514
386 788
652 100
766 414
179 215
839 726
412 72
386 602
116 119
262 904
820 31
199 50
927 164
900 684
833 156
544 489
603 668
32 610
768 887
182 867
496 607
355 321
855 290
431 353
217 11
457 836
629 230
261 279
544 861
392 111
631 183
44 243
925 887
179 845
699 73
286 425
903 937
43 112
336 6
281 651
176 709
121 529
235 863
1 494
793 586
505 181
359 310
553 407
111 620
679 579
496 933
170 4
577 588
410 790
783 399
436 778
143 902
521 747
862 639
758 572
810 528
515 852
198 344
241 621
38 497
828 537
461 427
246 643
29 892
782 415
659 646
742 619
550 628
71 379
536 336
898 587
546 470
253 752
186 227
396 138
113 207
295 916
214 721
656 936
218 73
442 828
493 177
365 892
607 253
171 795
83 439
46 738
784 557
776 585
828 299
495 930
756 632
303 321
639 492
822 50
141 677
916 179
939 313
172 278
935 511
143 473
203 575
44 216
417 91
659 845
36 546
189 164
848 455
3 581
225 469
631 638
686 330
836 518
195 288
696 35
384 44
796 302
63 802
56 760
910 290
108 662
97 790
652 729
931 72
607 663
459 398
350 307
557 788
335 389
691 734
506 24
476 688
614 64
157 385
608 151
811 83
116 443
74 884
669 81
762 373
672 416
31 178
418 789
880 724
538 21
77 123
295 132
709 65
305 794
681 797
895 245
400 50
37 766
495 333
260 160
284 893
396 6
555 730
740 885
287 828
857 567
568 393
622 828
187 920
628 163
115 16
614 892
461 4
119 552
709 600
51 824
752 923
380 353
879 466
883 877
93 601
520 251
596 334
542 717
448 635
342 376
668 552
241 355
374 872
201 486
826 300
114 74
154 564
157 808
71 451
124 829
103 902
533 232
590 428
210 511
622 456
645 841
710 894
2 236
330 161
41 741
337 334
626 716
695 554
864 622
460 486
463 508
321 293
68 534
767 601
916 239
898 398
534 863
884 878
271 771
616 46
600 658
710 285
87 395
587 34
326 10
898 244
796 731
11 376
910 628
105 696
161 75
628 410
98 348
612 42
670 84
28 567
928 196
550 195
146 253
516 268
571 546
191 671
361 218
452 874
571 833
609 791
23 438
208 904
706 801
502 211
233 349
234 507
750 79
647 610
579 824
584 578
476 297
404 702
8 713
29 514
565 358
234 669
933 194
312 191
295 820
405 340
317 125
820 674
893 511
322 173
54 677
152 727
608 736
57 427
664 253
459 30
333 569
264 715
562 270
857 135
335 932
805 250
666 935
57 133
204 492
459 892
226 532
499 165
906 871
836 599
710 503
596 891
894 510
676 693
590 610
721 868
100 359
742 178
767 142
752 8
685 135
616 146
619 399
379 297
694 383
143 273
148 730
77 343
497 230
620 923
447 878
853 759
783 668
825 475
347 420
866 313
149 171
837 841
123 478
72 529
840 851
70 535
307 835
136 911
404 785
170 457
789 302
430 201
858 257
916 542
332 531
349 854
47 583
672 868
175 484
413 364
163 654
77 289
773 772
117 783
388 233
544 655
563 336
379 914
699 327
39 432
461 211
693 830
108 444
76 801
332 210
740 402
742 490
90 162
138 722
569 347
113 887
386 117
8 848
29 129
28 530
926 193
164 323
472 39
241 139
665 486
702 360
98 746
813 230
335 235
399 261
609 641
833 121
337 521
157 648
229 523
765 30
417 571
763 248
918 722
8 82
852 563
907 767
543 894
234 156
380 83
219 864
348 863
426 586
79 276
119 715
562 389
120 876
67 308
43 463
387 666
23 749
447 414
34 6
700 138
407 450
600 270
925 199
698 733
588 537
229 292
185 108
760 67
925 120
103 886
882 83
362 867
736 503
881 175
738 349
243 595
602 150
90 873
715 32
401 341
882 902
746 284
323 686
655 49
718 880
313 933
557 815
211 238
726 110
485 345
503 878
753 12
754 351
643 486
7 9
835 239
680 54
74 237
807 109
102 215
505 751
515 817
184 916
887 767
564 664
250 224
142 103
325 333
327 530
662 659
170 404
618 349
268 521
178 468
732 595
161 703
798 373
408 625
194 210
763 531
912 636
432 361
287 790
59 863
152 43
208 525
923 451
652 131
716 670
449 418
841 78
97 462
806 501
767 258
821 742
169 761
244 342
98 423
467 563
447 178
105 303
291 820
2 746
846 844
633 923
647 816
923 299
872 455
380 673
322 485
620 700
241 613
354 860
498 857
617 277
104 224
140 345
650 599
838 449
890 83
394 767
524 646
876 54
853 873
74 183
455 427
319 294
800 96
86 397
300 34
641 474
536 229
672 27
612 635
761 397
281 96
319 183
747 245
857 597
580 104
497 561
679 179
792 557
350 304
939 789
470 606
487 660
110 561
537 574
739 598
439 673
263 594
233 42
303 587
680 344
240 399
166 300
441 872
260 468
118 416
320 220
912 811
416 751
458 102
131 747
775 818
298 178
119 451
923 497
50 92
306 50
877 94
507 671
644 257
242 577
647 451
837 390
877 676
434 909
882 647
739 18
137 580
835 176
620 279
289 769
806 499
205 610
317 286
870 559
564 724
161 933
606 209
594 850
334 564
725 173
301 160
750 362
87 912
455 1
205 825
24 315
90 516
570 752
120 862
148 542
829 587
775 94
248 589
570 121
532 366
435 766
257 341
439 158
26 699
580 392
819 433
772 631
837 319
539 900
764 326
654 285
675 101
344 393
90 120
552 845
886 849
813 143
372 830
820 733
359 702
51 2
531 268
805 405
143 722
864 334
761 886
478 536
198 535
816 593
284 530
853 564
838 359
380 542
454 92
40 619
55 765
520 234
404 30
82 63
156 772
175 338
677 854
289 15
592 882
603 315
77 513
279 240
669 861
377 351
582 769
26 730
441 201
844 485
217 274
81 758
480 895
245 1
517 122
29 228
360 197
198 751
436 685
862 879
880 262
229 786
248 603
780 25
511 759
601 458
694 536
203 556
555 680
426 185
66 320
680 150
572 761
792 202
385 692
333 139
930 240
180 127
241 833
593 482
695 69
74 553
129 386
331 401
867 291
581 497
324 752
161 818
346 645
699 17
383 536
369 473
335 933
356 33
727 487
786 576
714 134
101 96
865 524
520 417
26 99
305 392
731 907
384 30
645 802
562 695
28 383
410 814
158 655
506 372
324 147
154 562
164 367
848 183
832 838
742 505
732 167
352 187
691 861
196 687
337 823
324 433
72 42
436 64
277 895
593 534
5 213
741 219
372 421
67 922
89 471
125 614
254 619
58 699
352 559
369 583
313 790
239 358
323 693
716 593
626 412
40 583
661 619
295 523
369 720
461 799
443 252
211 264
528 70
175 685
90 635
164 229
440 614
289 295
77 549
443 365
686 283
780 868
798 642
400 915
1 75
149 179
649 704
246 794
796 529
105 610
877 772
698 92
527 143
607 908
759 480
855 390
125 91
217 444
715 397
94 844
664 211
3 25
756 822
427 583
597 374
378 188
358 565
716 244
331 533
740 213
2 255
264 133
543 714
252 415
382 751
737 919
829 521
317 128
513 474
826 16
664 171
458 917
537 445
613 771
212 25
822 667
749 857
185 582
903 755
290 155
248 678
292 32
500 131
63 73
319 622
288 274
361 546
27 674
356 340
928 317
77 129
933 548
623 685
475 622
259 589
626 699
209 574
716 638
532 851
934 470
477 537
166 497
845 923
426 252
816 359
543 220
928 598
236 160
925 147
926 383
801 73
530 521
289 874
475 3
590 381
370 343
649 800
613 639
135 495
194 18
412 650
841 662
219 6
235 195
869 667
816 537
881 562
872 233
205 685
188 605
248 838
909 80
219 440
578 741
302 797
173 502
769 57
715 670
879 249
882 760
921 760
423 472
575 687
90 663
29 172
711 464
162 66
182 537
302 873
604 874
694 593
680 768
187 752
14 122
577 392
621 553
674 517
142 23
329 71
850 633
905 738
85 412
656 168
270 717
457 336
132 726
261 65
653 213
431 172
764 117
273 198
848 233
294 646
228 689
728 100
229 50
163 637
598 103
317 475
770 331
909 606
210 829
655 873
819 101
610 708
721 786
542 722
668 81
266 7
674 821
183 596
863 283
849 547
887 827
266 406
235 812
767 833
622 523
220 4
292 419
739 150
318 450
673 654
46 376
454 642
914 467
40 935
429 523
488 686
650 534
676 870
887 233
510 643
604 525
678 780
277 536
421 899
885 729
247 554
654 158
415 366
755 197
332 709
25 27
870 77
121 15
910 521
859 764
1 607
864 22
466 782
486 639
360 703
363 256
880 617
733 844
440 856
898 419
95 217
595 480
298 32
79 835
92 453
821 148
183 682
899 141
846 633
115 283
303 893
161 745
878 899
55 91
499 5
167 407
661 386
81 853
668 15
143 675
822 106
790 542
316 612
419 884
654 249
840 448
89 166
345 204
826 517
42 20
616 177
283 329
505 636
190 101
810 618
350 291
466 881
288 211
231 691
72 627
788 777
588 555
19 365
75 632
259 442
116 654
337 687
304 422
213 372
61 18
264 485
839 634
310 177
457 707
352 525
207 54
794 706
598 306
393 254
713 805
30 406
627 798
202 552
924 548
445 178
835 470
177 605
161 176
327 50
223 420
739 178
758 722
5 314
615 746
462 526
341 498
731 67
454 260
576 629
479 754
631 17
685 526
724 481
195 203
224 329
493 466
455 304
870 783
603 896
692 826
112 132
767 512
76 672
722 347
579 510
839 511
381 494
718 681
862 562
296 559
498 270
804 434
309 226
904 616
45 784
727 321
695 713
15 48
441 208
425 270
138 16
896 551
734 587
71 659
497 428
375 856
526 392
624 657
412 2
249 70
816 221
541 725
818 391
468 906
379 138
328 498
91 830
91 741
917 646
3 218
868 513
335 588
512 800
512 218
839 26
390 852
199 189
366 157
667 778
739 495
23 62
908 864
799 132
307 561
163 565
144 409
332 164
464 46
483 336
581 385
709 151
655 495
325 67
919 298
372 351
432 860
675 232
524 292
314 336
361 103
87 225
551 33
202 752
441 408
921 563
334 536
95 46
616 148
308 338
772 596
369 868
830 251
154 53
677 825
822 620
806 447
456 202
124 858
674 516
788 134
37 30
677 71
771 70
677 563
551 478
166 461
169 319
198 804
337 347
464 516
576 569
310 246
558 487
687 863
214 553
126 682
659 652
218 586
913 790
137 45
52 404
695 634
714 423
364 730
41 92
688 27
192 389
585 82
198 593
591 76
188 4
170 523
579 451
581 38
908 346
819 410
12 684
54 275
664 67
904 103
18 10
858 695
783 305
490 511
456 248
116 341
560 259
724 148
864 287
699 712
77 169
556 727
346 794
571 725
473 562
185 581
774 543
284 245
390 276
377 864
69 693
566 198
76 374
242 641
99 792
454 755
62 655
263 175
209 293
505 933
342 17
881 180
187 458
243 588
614 56
588 170
391 188
892 103
401 338
203 273
544 179
160 7
73 432
437 106
438 104
774 91
691 779
49 143
692 45
490 901
551 783
607 265
365 654
117 887
143 54
154 9
528 374
32 267
2 69
628 68
713 920
393 795
819 211
547 525
205 102
9 459
445 130
485 246
499 871
364 854
703 840
648 366
341 919
587 310
437 484
776 412
888 129
246 540
643 528
413 848
714 72
272 171
552 781
614 860
189 436
396 913
402 488
704 642
248 404
119 36
141 536
91 88
310 381
203 73
645 114
576 850
428 401
341 459
126 484
181 71
699 67
124 673
649 667
905 302
686 752
54 752
679 89
935 51
513 767
626 919
155 160
221 860
756 310
534 436
673 846
735 646
431 194
345 429
350 702
573 526
408 715
119 824
248 266
411 598
492 603
882 664
594 142
295 429
891 359
928 491
173 751
56 150
844 348
98 90
506 314
786 792
234 877
879 448
620 77
545 522
450 344
819 522
895 693
483 218
863 427
592 597
811 260
140 827
227 77
48 872
103 775
931 670
347 435
552 201
76 145
142 145
308 76
898 425
495 99
795 626
887 343
561 628
585 144
731 260
234 852
533 912
847 709
632 266
872 836
564 172
694 397
937 835
518 160
705 786
745 784
559 605
672 197
270 361
790 222
777 891
333 834
337 700
516 357
909 196
486 458
770 577
716 166
138 402
922 644
245 913
377 616
910 296
857 604
771 441
773 747
778 764
308 361
648 790
21 230
424 615
44 636
722 843
675 546
271 610
625 423
483 550
866 843
243 398
128 561
234 823
143 19
623 622
384 456
705 706
705 53
778 286
820 632
340 725
215 459
824 635
329 758
315 899
864 689
774 153
226 131
64 42
173 392
466 552
711 758
468 196
676 481
810 30
479 818
446 137
545 859
216 666
87 169
183 271
95 738
572 218
902 140
27 137
138 809
855 723
896 224
573 756
275 909
637 417
158 657
877 264
143 393
130 293
352 840
924 933
337 584
88 882
505 516
473 95
808 619
540 160
773 472
88 58
685 49
244 487
7 453
872 413
145 836
671 676
196 783
34 212
551 537
882 518
227 25
100 130
101 28
324 160
822 20
5 10
41 308
873 246
527 60
675 415
640 107
740 514
420 85
668 876
829 239
488 824
71 304
713 756
419 298
771 513
758 357
886 174
477 891
188 498
868 39
579 345
684 816
90 355
897 785
898 116
168 126
419 414
372 179
887 673
672 318
641 576
898 678
526 94
529 244
553 848
587 257
863 695
488 150
831 85
689 433
211 30
193 767
730 920
53 672
293 875
257 269
483 783
136 643
867 17
542 853
412 395
725 180
736 173
420 91
777 505
209 310
669 813
874 87
401 484
1 127
790 579
884 140
137 34
639 464
446 801
341 220
915 600
184 440
794 376
666 477
51 798
570 14
496 132
481 833
342 402
436 614
272 399
94 723
628 498
207 390
571 736
177 262
44 715
569 516
551 451
79 137
149 765
115 78
581 401
101 175
11 187
12 592
285 686
804 63
36 756
705 696
634 801
108 729
900 300
222 767
25 33
25 916
158 699
484 596
400 6
308 919
917 559
846 734
43 735
144 123
76 523
829 441
192 279
280 665
68 636
142 12
369 43
408 303
598 786
508 608
715 399
431 79
207 283
229 197
673 332
412 400
715 284
612 282
206 417
711 598
632 459
608 567
755 306
118 59
673 123
143 75
85 856
938 129
479 35
924 281
139 755
495 867
207 693
563 736
325 602
201 927
827 98
721 667
596 240
724 45
925 662
545 472
506 692
711 154
382 169
36 488
45 935
907 558
93 713
237 522
619 904
6 639
173 467
94 828
60 545
174 389
10 791
586 895
109 353
370 450
904 449
153 805
416 171
470 213
679 497
921 296
724 155
674 806
933 555
611 116
876 880
738 884
89 789
143 901
671 85
547 128
478 462
843 636
330 850
305 640
649 222
101 379
928 809
430 194
434 244
608 732
509 902
717 236
3 300
517 730
536 759
295 593
722 725
118 458
598 373
877 119
755 701
754 655
332 300
426 659
244 446
11 544
506 11
866 465
487 746
589 73
810 540
844 442
647 361
498 663
12 78
508 362
36 655
789 386
936 202
704 166
761 59
597 106
635 427
360 774
912 83
414 615
199 834
77 76
120 615
116 37
50 430
108 307
199 695
94 785
719 424
334 590
483 839
32 540
734 833
329 571
607 359
827 398
3 576
323 498
72 936
144 85
608 31
322 376
243 926
282 786
524 309
5 119
291 23
313 844
870 249
31 514
838 406
549 566
141 434
508 71
718 317
386 570
132 74
668 407
68 687
686 771
907 754
106 867
603 163
130 678
371 614
812 96
705 58
393 822
507 67
587 58
182 754
261 375
814 503
689 177
924 371
929 309
568 168
380 17
848 701
833 196
42 12
62 715
565 261
458 758
699 540
818 615
512 692
233 454
145 670
2 500
607 506
810 335
336 288
392 167
30 36
736 284
763 565
410 214
314 283
206 176
61 200
541 19
689 170
598 399
303 895
567 372
442 10
28 550
143 377
367 66
294 796
336 648
49 864
249 263
653 102
177 181
14 431
866 433
715 693
352 445
390 691
674 743
671 838
840 781
347 926
397 792
54 495
113 30
833 293
561 803
219 20
152 555
761 254
923 718
232 417
224 715
706 463
12 105
675 699
285 752
566 867
769 21
290 765
330 641
186 385
501 898
604 354
309 453
113 716
311 481
276 325
114 296
370 245
81 923
122 815
357 457
533 795
591 576
149 477
316 835
906 687
869 569
674 569
584 182
398 308
733 751
535 632
499 671
354 125
796 68
463 504
34 213
92 937
59 154
937 924
384 625
719 742
152 24
335 458
104 198
177 763
58 277
639 469
903 666
152 636
64 57
83 720
469 937
788 28
296 529
916 517
111 889
330 295
684 345
424 491
903 7
890 745
500 640
675 786
730 926
937 901
403 907
617 480
93 847
309 785
359 900
643 650
643 321
717 773
729 617
448 578
160 937
802 88
15 208
98 339
638 677
7 58
155 469
861 353
789 703
814 244
218 750
348 459
100 356
541 394
304 220
56 898
21 332
229 286
640 464
140 769
820 808
25 199
429 711
516 827
341 395
381 922
37 872
111 727
151 723
261 420
43 625
616 770
512 825
218 188
937 29
294 249
519 37
339 791
581 764
892 633
186 495
111 109
44 704
113 247
382 810
246 480
139 429
402 423
696 840
641 406
680 428
810 710
777 137
499 174
463 865
820 4
842 247
475 509
938 156
192 534
707 770
67 99
251 654
180 255
55 23
404 736
189 716
780 938
270 439
733 144
346 658
457 122
238 924
585 179
577 908
501 310
452 827
207 905
578 271
208 558
264 272
428 726
638 603
54 642
539 664
923 44
747 762
877 914
363 91
755 23
866 485
296 613
529 891
91 239
184 368
459 323
666 361
5 270
48 815
512 908
822 636
705 536
447 420
582 545
569 646
788 480
574 810
276 617
152 567
797 803
139 754
582 239
487 162
167 527
592 688
937 462
591 386
704 377
287 347
803 690
137 460
504 201
929 675
54 749
552 716
831 442
584 839
434 82
70 379
296 143
922 184
837 43
52 418
89 787
364 857
737 708
147 773
352 235
236 132
905 209
263 17
641 926
640 339
797 205
93 860
499 678
745 706
509 234
907 713
88 271
397 571
75 244
494 341
410 300
602 146
765 742
179 178
477 276
330 874
393 874
156 642
768 880
72 146
90 337
497 667
579 783
102 489
179 848
454 342
453 280
836 227
358 214
773 868
565 231
333 813
374 620
303 446
896 167
148 938
603 721
65 288
214 277
783 556
932 487
527 21
260 18
867 778
524 652
870 95
176 508
909 70
820 490
107 58
331 49
860 398
755 352
663 59
665 648
547 25
286 207
371 102
660 344
826 64
420 484
370 324
81 255
7 147
780 68
710 312
124 224
179 631
327 445
75 646
547 288
235 105
93 822
839 540
24 291
134 758
871 235
375 326
183 894
610 454
495 247
133 528
450 436
822 388
591 684
595 471
779 793
454 897
193 703
341 590
529 648
839 213
3 230
253 310
850 836
851 46
118 627
434 444
896 542
827 41
574 519
189 763
723 488
559 598
468 867
287 883
74 179
365 880
811 192
558 684
66 849
735 417
628 749
573 316
228 872
448 14
802 203
896 140
475 298
293 367
279 123
63 190
389 727
321 673
930 103
538 511
91 161
495 729
276 853
689 638
460 356
317 592
292 514
331 146
481 737
334 189
45 875
211 520
804 595
272 606
511 901
330 403
832 268
797 865
887 917
176 885
124 923
107 335
129 735
611 591
810 854
598 406
431 579
197 263
677 498
77 444
119 769
50 43
400 497
54 916
698 373
183 837
169 609
33 868
126 732
792 726
617 268
361 288
141 23
26 361
483 127
728 67
937 139
590 802
371 104
687 237
250 378
307 583
658 933
308 862
450 573
62 292
525 542
824 661
111 556
902 456
433 449
569 780
696 900
793 271
387 400
699 196
65 608
889 771
356 779
191 919
897 379
536 924
504 153
280 641
675 105
861 760
522 412
887 388
891 282
250 929
507 21
327 262
419 97
793 812
426 847
407 512
301 125
712 700
913 493
457 460
829 124
578 518
833 310
228 147
320 84
394 333
214 346
557 883
529 224
818 126
639 802
569 426
313 671
647 236
152 678
191 666
53 31
200 221
897 169
868 660
527 638
10 66
925 422
428 642
648 928
241 384
918 346
314 316
371 206
467 633
583 863
674 280
164 575
652 56
39 278
497 676
774 462
239 335
124 140
174 624
713 168
351 824
921 40
765 719
258 527
895 458
443 43
673 706
298 689
922 599
523 511
580 47
653 847
603 915
457 510
315 902
224 479
509 125
849 829
596 545
706 417
708 333
104 30
655 829
721 718
792 650
760 771
744 530
708 99
433 858
106 192
126 626
71 642
664 201
21 340
132 124
209 156
840 672
235 739
915 495
39 80
264 838
762 205
194 155
415 459
309 852
698 238
787 732
165 69
40 439
439 924
540 55
485 537
353 829
591 837
150 159
706 145
778 290
135 276
448 571
646 637
694 13
99 767
734 116
737 688
645 18
791 386
926 810
411 932
185 444
868 882
71 118
897 350
203 6
205 161
405 623
499 831
674 597
272 535
741 309
637 484
123 519
192 622
90 735
72 894
461 785
593 151
282 204
763 86
