834
496 631
140 181
486 806
362 490
689 306
157 220
29 119
480 629
492 10
246 337
142 22
139 776
57 7
253 321
512 280
540 239
456 691
6 15
143 251
791 437
114 204
612 381
158 325
747 633
412 191
470 254
169 63
495 489
578 721
15 27
76 102
623 206
632 463
494 55
312 675
15 47
526 57
444 126
244 37
51 55
217 750
48 260
259 158
82 351
89 235
247 276
389 524
174 130
176 274
77 53
162 44
649 603
262 163
627 369
483 21
382 703
229 826
8 11
469 696
548 24
491 690
354 731
119 344
78 507
711 107
316 559
371 168
432 24
285 738
510 507
189 342
435 39
197 561
85 54
156 172
775 702
9 41
487 343
33 16
271 250
405 352
323 262
45 717
602 249
228 255
531 523
736 505
207 288
79 189
470 568
671 709
695 148
656 646
215 131
315 514
116 160
651 86
476 40
73 353
520 461
383 528
591 495
428 471
373 56
414 345
234 139
393 566
613 694
98 299
429 443
196 84
512 594
117 621
32 76
283 108
812 335
740 18
65 598
422 808
44 687
657 428
365 722
151 820
523 235
734 309
17 292
18 380
333 347
384 336
815 55
139 521
77 489
673 28
207 214
209 228
13 201
442 485
135 315
718 449
8 121
149 128
428 282
692 596
763 728
43 71
352 416
253 85
94 99
474 106
352 83
132 166
468 46
37 312
56 308
358 545
59 182
143 51
556 326
272 241
352 367
577 235
114 674
15 91
771 599
346 541
26 12
83 10
51 81
400 34
37 265
28 183
313 177
680 190
5 39
208 422
605 385
558 333
707 355
152 45
361 456
208 2
401 299
777 488
23 96
332 402
708 60
62 530
433 438
600 336
199 142
527 126
194 78
115 333
180 83
341 16
611 481
81 406
176 44
805 606
311 263
217 801
94 427
779 524
178 482
46 326
124 613
310 626
263 137
372 550
417 831
5 72
774 642
295 182
336 318
378 481
155 51
106 100
125 147
230 115
578 248
115 439
749 334
319 189
211 807
615 231
573 540
503 280
219 196
38 17
219 221
411 150
436 50
30 24
508 268
41 184
35 87
113 229
224 706
51 52
168 82
418 172
163 650
33 37
369 453
131 581
284 461
258 254
219 396
829 308
22 50
131 55
493 678
574 240
268 301
351 388
650 809
666 354
30 64
590 800
55 122
241 234
727 55
118 294
37 207
267 447
288 348
127 97
761 33
566 654
80 104
113 462
387 141
32 95
214 410
223 107
9 16
729 138
108 828
319 356
121 133
9 49
161 553
12 159
224 340
606 467
204 460
610 206
754 818
75 71
630 475
210 752
363 354
138 193
112 40
383 429
183 816
311 423
796 655
21 596
595 351
182 746
786 336
537 3
142 300
407 30
488 151
445 210
369 145
11 105
126 98
241 242
278 624
375 469
314 84
467 94
73 648
74 79
179 74
20 45
430 196
685 474
634 134
710 393
688 546
503 819
759 652
368 158
95 464
622 556
207 539
510 671
160 748
40 170
139 121
187 211
400 496
17 51
15 19
375 193
509 547
166 270
87 390
17 1
59 100
592 814
480 338
730 300
484 179
360 620
114 19
252 549
226 603
580 222
207 660
754 493
100 161
421 684
811 615
667 80
758 1
95 409
378 500
185 3
192 381
489 824
86 18
501 400
16 63
762 84
11 330
227 377
197 114
642 219
332 273
353 360
210 273
190 37
264 259
662 582
5 391
726 323
117 92
827 210
45 56
263 587
61 98
425 126
733 387
4 164
14 42
765 525
125 222
48 165
227 243
205 760
403 557
502 202
231 17
536 741
202 49
652 769
207 433
794 471
134 209
80 56
236 379
48 329
214 281
39 569
75 327
564 802
795 238
166 773
798 161
100 825
647 355
49 124
28 61
450 195
15 25
745 238
287 316
199 200
4 7
192 298
555 332
417 661
28 8
564 679
303 37
72 151
310 250
668 292
472 358
11 59
419 567
132 130
129 245
787 656
4 22
639 790
554 468
391 588
250 220
693 199
88 216
426 141
47 120
519 258
222 604
366 382
293 62
125 590
571 182
68 148
372 321
697 610
473 236
177 392
457 1
833 132
385 442
506 126
145 44
653 334
443 582
53 89
224 275
96 240
114 585
437 195
109 21
66 20
233 584
297 364
318 106
643 144
420 84
455 338
551 219
13 9
518 737
601 488
31 641
465 176
128 90
766 202
150 110
258 497
104 725
17 137
68 783
328 186
218 77
92 118
39 138
343 212
136 66
589 467
262 491
636 406
436 764
22 287
398 677
34 29
105 266
184 499
310 681
113 239
579 272
563 174
288 756
1 2
3 383
232 16
437 767
282 170
543 449
570 256
4 2
312 419
62 55
17 24
778 591
59 498
145 290
237 205
205 119
2 3
316 753
25 701
789 685
388 454
348 700
434 670
823 714
23 608
354 413
645 164
239 346
114 171
58 13
817 270
115 307
475 30
638 502
426 542
506 664
413 780
742 546
793 773
249 248
4 20
399 307
546 403
323 720
533 17
372 424
772 371
751 195
284 63
599 453
14 32
118 212
404 187
446 289
723 32
599 618
50 586
55 385
223 297
320 704
152 331
129 6
782 692
92 597
247 296
296 349
203 302
350 242
129 233
682 617
128 784
103 42
146 67
719 643
134 821
619 658
358 92
111 18
88 144
516 236
177 44
44 279
67 7
757 200
153 813
755 464
66 108
803 414
298 359
247 88
87 225
534 126
607 788
175 173
99 178
18 92
58 393
252 277
459 438
188 67
163 90
156 334
134 110
565 269
810 801
73 37
124 576
203 102
646 408
509 286
387 417
451 427
139 252
373 398
231 370
384 386
120 421
170 832
434 538
275 403
187 320
63 513
210 127
62 94
324 616
592 101
217 114
269 62
607 325
9 639
245 395
383 804
173 166
676 99
635 705
93 42
20 698
168 560
134 257
190 213
86 156
22 291
50 60
452 151
16 36
90 64
535 146
8 6
781 56
285 69
379 715
522 87
515 99
56 394
113 536
3 31
167 7
261 267
834 172
141 699
713 477
355 156
30 154
389 164
605 728
690 797
770 573
449 84
113 18
420 619
635 625
278 60
256 31
43 10
110 76
714 504
22 744
187 127
572 375
612 785
236 374
743 619
148 712
68 62
153 42
64 82
499 552
9 5
411 448
43 186
652 286
16 48
98 463
65 686
431 134
195 14
562 313
107 14
503 628
663 78
35 11
69 238
366 234
21 1
538 637
298 669
220 609
235 261
209 317
593 94
483 702
486 152
617 509
84 97
88 309
304 232
376 358
246 240
76 125
493 108
153 505
66 88
140 739
12 2
268 37
113 732
799 516
237 378
157 130
226 51
716 436
23 4
56 140
280 31
42 78
410 466
478 20
248 49
184 345
490 792
116 339
267 583
715 724
354 192
130 102
236 84
357 112
150 224
511 442
46 206
